
          ---- Aqueous concentrations vs. grid blocks at specified times ----

   Unit: 
    - Aqueous species: Total concencentrations in mol/L     
    - Component in dry nodes in mol/L medium

VARIABLES =X,        Y,       Z,  P(bar)  ,      Sg,       Sl  ,     T(C)  ,  aH2O,    pH     ,t_so4-2    ,t_fe+2     ,t_cu+2     ,t_na+      ,t_k+       ,t_ca+2     ,t_alo2-    ,t_sio2(aq) ,t_cl-      ,
ZONE T= "0.000000E+00 yr"  F=POINT
      0.000     -0.000      0.000  0.2932E-06  0.9707E+00  0.2932E-01  25.000  1.0000  7.0000  0.1037E-11  0.7326E-12  0.1030E-11  0.1007E-04  0.1007E-05  0.1037E-05  0.8069E-17  0.9972E-06  0.1296E-03
      0.000     -1.000      0.000  0.2693E-05  0.7307E+00  0.2693E+00  25.000  1.0000  7.0000  0.1037E-11  0.7326E-12  0.1030E-11  0.1007E-04  0.1007E-05  0.1037E-05  0.8069E-17  0.9972E-06  0.1296E-03
      0.254     -1.000      0.000  0.9762E-05  0.2384E-01  0.9762E+00  25.000  1.0000  7.0000  0.1037E-11  0.7326E-12  0.1030E-11  0.1007E-04  0.1007E-05  0.1037E-05  0.8069E-17  0.9972E-06  0.1296E-03
      0.900     -1.000      0.000  0.9762E-05  0.2385E-01  0.9762E+00  25.000  1.0000  7.0000  0.1037E-11  0.7326E-12  0.1030E-11  0.1007E-04  0.1007E-05  0.1037E-05  0.8069E-17  0.9972E-06  0.1296E-03
      2.247     -1.000      0.000  0.9762E-05  0.2385E-01  0.9762E+00  25.000  1.0000  7.0000  0.1037E-11  0.7326E-12  0.1030E-11  0.1007E-04  0.1007E-05  0.1037E-05  0.8069E-17  0.9972E-06  0.1296E-03
      5.215     -1.000      0.000  0.9761E-05  0.2386E-01  0.9761E+00  25.000  1.0000  7.0000  0.1037E-11  0.7326E-12  0.1030E-11  0.1007E-04  0.1007E-05  0.1037E-05  0.8069E-17  0.9972E-06  0.1296E-03
     10.790     -1.000      0.000  0.9761E-05  0.2387E-01  0.9761E+00  25.000  1.0000  7.0000  0.1037E-11  0.7326E-12  0.1030E-11  0.1007E-04  0.1007E-05  0.1037E-05  0.8069E-17  0.9972E-06  0.1296E-03
     14.340     -1.000      0.000  0.9761E-05  0.2388E-01  0.9761E+00  25.000  1.0000  7.0000  0.1037E-11  0.7326E-12  0.1030E-11  0.1007E-04  0.1007E-05  0.1037E-05  0.8069E-17  0.9972E-06  0.1296E-03
      0.000     -3.000      0.000  0.2580E-05  0.7420E+00  0.2580E+00  25.000  1.0000  7.0000  0.1037E-11  0.7326E-12  0.1030E-11  0.1007E-04  0.1007E-05  0.1037E-05  0.8069E-17  0.9972E-06  0.1296E-03
      0.254     -3.000      0.000  0.9833E-05  0.1672E-01  0.9833E+00  25.000  1.0000  7.0000  0.1037E-11  0.7326E-12  0.1030E-11  0.1007E-04  0.1007E-05  0.1037E-05  0.8069E-17  0.9972E-06  0.1296E-03
      0.900     -3.000      0.000  0.9833E-05  0.1672E-01  0.9833E+00  25.000  1.0000  7.0000  0.1037E-11  0.7326E-12  0.1030E-11  0.1007E-04  0.1007E-05  0.1037E-05  0.8069E-17  0.9972E-06  0.1296E-03
      2.247     -3.000      0.000  0.9833E-05  0.1672E-01  0.9833E+00  25.000  1.0000  7.0000  0.1037E-11  0.7326E-12  0.1030E-11  0.1007E-04  0.1007E-05  0.1037E-05  0.8069E-17  0.9972E-06  0.1296E-03
      5.215     -3.000      0.000  0.9833E-05  0.1672E-01  0.9833E+00  25.000  1.0000  7.0000  0.1037E-11  0.7326E-12  0.1030E-11  0.1007E-04  0.1007E-05  0.1037E-05  0.8069E-17  0.9972E-06  0.1296E-03
     10.790     -3.000      0.000  0.9833E-05  0.1672E-01  0.9833E+00  25.000  1.0000  7.0000  0.1037E-11  0.7326E-12  0.1030E-11  0.1007E-04  0.1007E-05  0.1037E-05  0.8069E-17  0.9972E-06  0.1296E-03
     14.340     -3.000      0.000  0.9833E-05  0.1672E-01  0.9833E+00  25.000  1.0000  7.0000  0.1037E-11  0.7326E-12  0.1030E-11  0.1007E-04  0.1007E-05  0.1037E-05  0.8069E-17  0.9972E-06  0.1296E-03
      0.000     -5.000      0.000  0.2647E-05  0.7353E+00  0.2647E+00  25.000  1.0000  7.0000  0.1037E-11  0.7326E-12  0.1030E-11  0.1007E-04  0.1007E-05  0.1037E-05  0.8069E-17  0.9972E-06  0.1296E-03
      0.254     -5.000      0.000  0.9884E-05  0.1155E-01  0.9884E+00  25.000  1.0000  7.0000  0.1037E-11  0.7326E-12  0.1030E-11  0.1007E-04  0.1007E-05  0.1037E-05  0.8069E-17  0.9972E-06  0.1296E-03
      0.900     -5.000      0.000  0.9884E-05  0.1155E-01  0.9884E+00  25.000  1.0000  7.0000  0.1037E-11  0.7326E-12  0.1030E-11  0.1007E-04  0.1007E-05  0.1037E-05  0.8069E-17  0.9972E-06  0.1296E-03
      2.247     -5.000      0.000  0.9884E-05  0.1155E-01  0.9884E+00  25.000  1.0000  7.0000  0.1037E-11  0.7326E-12  0.1030E-11  0.1007E-04  0.1007E-05  0.1037E-05  0.8069E-17  0.9972E-06  0.1296E-03
      5.215     -5.000      0.000  0.9884E-05  0.1155E-01  0.9884E+00  25.000  1.0000  7.0000  0.1037E-11  0.7326E-12  0.1030E-11  0.1007E-04  0.1007E-05  0.1037E-05  0.8069E-17  0.9972E-06  0.1296E-03
     10.790     -5.000      0.000  0.9884E-05  0.1155E-01  0.9884E+00  25.000  1.0000  7.0000  0.1037E-11  0.7326E-12  0.1030E-11  0.1007E-04  0.1007E-05  0.1037E-05  0.8069E-17  0.9972E-06  0.1296E-03
     14.340     -5.000      0.000  0.9884E-05  0.1155E-01  0.9884E+00  25.000  1.0000  7.0000  0.1037E-11  0.7326E-12  0.1030E-11  0.1007E-04  0.1007E-05  0.1037E-05  0.8069E-17  0.9972E-06  0.1296E-03
      0.000     -7.000      0.000  0.3292E-05  0.6708E+00  0.3292E+00  25.000  1.0000  7.0000  0.1037E-11  0.7326E-12  0.1030E-11  0.1007E-04  0.1007E-05  0.1037E-05  0.8069E-17  0.9972E-06  0.1296E-03
      0.254     -7.000      0.000  0.9933E-05  0.6729E-02  0.9933E+00  25.000  1.0000  7.0000  0.1037E-11  0.7326E-12  0.1030E-11  0.1007E-04  0.1007E-05  0.1037E-05  0.8069E-17  0.9972E-06  0.1296E-03
      0.900     -7.000      0.000  0.9933E-05  0.6728E-02  0.9933E+00  25.000  1.0000  7.0000  0.1037E-11  0.7326E-12  0.1030E-11  0.1007E-04  0.1007E-05  0.1037E-05  0.8069E-17  0.9972E-06  0.1296E-03
      2.247     -7.000      0.000  0.9933E-05  0.6727E-02  0.9933E+00  25.000  1.0000  7.0000  0.1037E-11  0.7326E-12  0.1030E-11  0.1007E-04  0.1007E-05  0.1037E-05  0.8069E-17  0.9972E-06  0.1296E-03
      5.215     -7.000      0.000  0.9933E-05  0.6725E-02  0.9933E+00  25.000  1.0000  7.0000  0.1037E-11  0.7326E-12  0.1030E-11  0.1007E-04  0.1007E-05  0.1037E-05  0.8069E-17  0.9972E-06  0.1296E-03
     10.790     -7.000      0.000  0.9933E-05  0.6722E-02  0.9933E+00  25.000  1.0000  7.0000  0.1037E-11  0.7326E-12  0.1030E-11  0.1007E-04  0.1007E-05  0.1037E-05  0.8069E-17  0.9972E-06  0.1296E-03
     14.340     -7.000      0.000  0.9933E-05  0.6718E-02  0.9933E+00  25.000  1.0000  7.0000  0.1037E-11  0.7326E-12  0.1030E-11  0.1007E-04  0.1007E-05  0.1037E-05  0.8069E-17  0.9972E-06  0.1296E-03
      0.000     -9.000      0.000  0.6644E-05  0.3356E+00  0.6644E+00  25.000  1.0000  7.0000  0.1037E-11  0.7326E-12  0.1030E-11  0.1007E-04  0.1007E-05  0.1037E-05  0.8069E-17  0.9972E-06  0.1296E-03
      0.254     -9.000      0.000  0.9990E-05  0.9811E-03  0.9990E+00  25.000  1.0000  7.0000  0.1037E-11  0.7326E-12  0.1030E-11  0.1007E-04  0.1007E-05  0.1037E-05  0.8069E-17  0.9972E-06  0.1296E-03
      0.900     -9.000      0.000  0.9990E-05  0.9810E-03  0.9990E+00  25.000  1.0000  7.0000  0.1037E-11  0.7326E-12  0.1030E-11  0.1007E-04  0.1007E-05  0.1037E-05  0.8069E-17  0.9972E-06  0.1296E-03
      2.247     -9.000      0.000  0.9990E-05  0.9809E-03  0.9990E+00  25.000  1.0000  7.0000  0.1037E-11  0.7326E-12  0.1030E-11  0.1007E-04  0.1007E-05  0.1037E-05  0.8069E-17  0.9972E-06  0.1296E-03
      5.215     -9.000      0.000  0.9990E-05  0.9807E-03  0.9990E+00  25.000  1.0000  7.0000  0.1037E-11  0.7326E-12  0.1030E-11  0.1007E-04  0.1007E-05  0.1037E-05  0.8069E-17  0.9972E-06  0.1296E-03
     10.790     -9.000      0.000  0.9990E-05  0.9804E-03  0.9990E+00  25.000  1.0000  7.0000  0.1037E-11  0.7326E-12  0.1030E-11  0.1007E-04  0.1007E-05  0.1037E-05  0.8069E-17  0.9972E-06  0.1296E-03
     14.340     -9.000      0.000  0.9990E-05  0.9800E-03  0.9990E+00  25.000  1.0000  7.0000  0.1037E-11  0.7326E-12  0.1030E-11  0.1007E-04  0.1007E-05  0.1037E-05  0.8069E-17  0.9972E-06  0.1296E-03
      0.000    -11.000      0.000  0.1120E+01  0.0000E+00  0.1000E+01  25.000  0.9999  6.5815  0.2235E-02  0.3717E-04  0.2454E-15  0.2237E-02  0.1822E-03  0.6597E-03  0.8205E-13  0.1929E-02  0.9972E-07
      0.254    -11.000      0.000  0.1120E+01  0.0000E+00  0.1000E+01  25.000  0.9999  6.5815  0.2235E-02  0.3717E-04  0.2454E-15  0.2237E-02  0.1822E-03  0.6597E-03  0.8205E-13  0.1929E-02  0.9972E-07
      0.900    -11.000      0.000  0.1120E+01  0.0000E+00  0.1000E+01  25.000  0.9999  6.5815  0.2235E-02  0.3717E-04  0.2454E-15  0.2237E-02  0.1822E-03  0.6597E-03  0.8205E-13  0.1929E-02  0.9972E-07
      2.247    -11.000      0.000  0.1120E+01  0.0000E+00  0.1000E+01  25.000  0.9999  6.5815  0.2235E-02  0.3717E-04  0.2454E-15  0.2237E-02  0.1822E-03  0.6597E-03  0.8205E-13  0.1929E-02  0.9972E-07
      5.215    -11.000      0.000  0.1120E+01  0.0000E+00  0.1000E+01  25.000  0.9999  6.5815  0.2235E-02  0.3717E-04  0.2454E-15  0.2237E-02  0.1822E-03  0.6597E-03  0.8205E-13  0.1929E-02  0.9972E-07
     10.790    -11.000      0.000  0.1120E+01  0.0000E+00  0.1000E+01  25.000  0.9999  6.5815  0.2235E-02  0.3717E-04  0.2454E-15  0.2237E-02  0.1822E-03  0.6597E-03  0.8205E-13  0.1929E-02  0.9972E-07
     14.340    -11.000      0.000  0.1120E+01  0.0000E+00  0.1000E+01  25.000  0.9999  6.5815  0.2235E-02  0.3717E-04  0.2454E-15  0.2237E-02  0.1822E-03  0.6597E-03  0.8205E-13  0.1929E-02  0.9972E-07
      0.000    -13.000      0.000  0.1315E+01  0.0000E+00  0.1000E+01  25.000  0.9999  6.5815  0.2235E-02  0.3717E-04  0.2454E-15  0.2237E-02  0.1822E-03  0.6597E-03  0.8205E-13  0.1929E-02  0.9972E-07
      0.254    -13.000      0.000  0.1315E+01  0.0000E+00  0.1000E+01  25.000  0.9999  6.5815  0.2235E-02  0.3717E-04  0.2454E-15  0.2237E-02  0.1822E-03  0.6597E-03  0.8205E-13  0.1929E-02  0.9972E-07
      0.900    -13.000      0.000  0.1315E+01  0.0000E+00  0.1000E+01  25.000  0.9999  6.5815  0.2235E-02  0.3717E-04  0.2454E-15  0.2237E-02  0.1822E-03  0.6597E-03  0.8205E-13  0.1929E-02  0.9972E-07
      2.247    -13.000      0.000  0.1315E+01  0.0000E+00  0.1000E+01  25.000  0.9999  6.5815  0.2235E-02  0.3717E-04  0.2454E-15  0.2237E-02  0.1822E-03  0.6597E-03  0.8205E-13  0.1929E-02  0.9972E-07
      5.215    -13.000      0.000  0.1315E+01  0.0000E+00  0.1000E+01  25.000  0.9999  6.5815  0.2235E-02  0.3717E-04  0.2454E-15  0.2237E-02  0.1822E-03  0.6597E-03  0.8205E-13  0.1929E-02  0.9972E-07
     10.790    -13.000      0.000  0.1315E+01  0.0000E+00  0.1000E+01  25.000  0.9999  6.5815  0.2235E-02  0.3717E-04  0.2454E-15  0.2237E-02  0.1822E-03  0.6597E-03  0.8205E-13  0.1929E-02  0.9972E-07
     14.340    -13.000      0.000  0.1315E+01  0.0000E+00  0.1000E+01  25.000  0.9999  6.5815  0.2235E-02  0.3717E-04  0.2454E-15  0.2237E-02  0.1822E-03  0.6597E-03  0.8205E-13  0.1929E-02  0.9972E-07
      0.000    -15.000      0.000  0.1511E+01  0.0000E+00  0.1000E+01  25.000  0.9999  6.5815  0.2235E-02  0.3717E-04  0.2454E-15  0.2237E-02  0.1822E-03  0.6597E-03  0.8205E-13  0.1929E-02  0.9972E-07
      0.254    -15.000      0.000  0.1511E+01  0.0000E+00  0.1000E+01  25.000  0.9999  6.5815  0.2235E-02  0.3717E-04  0.2454E-15  0.2237E-02  0.1822E-03  0.6597E-03  0.8205E-13  0.1929E-02  0.9972E-07
      0.900    -15.000      0.000  0.1511E+01  0.0000E+00  0.1000E+01  25.000  0.9999  6.5815  0.2235E-02  0.3717E-04  0.2454E-15  0.2237E-02  0.1822E-03  0.6597E-03  0.8205E-13  0.1929E-02  0.9972E-07
      2.247    -15.000      0.000  0.1511E+01  0.0000E+00  0.1000E+01  25.000  0.9999  6.5815  0.2235E-02  0.3717E-04  0.2454E-15  0.2237E-02  0.1822E-03  0.6597E-03  0.8205E-13  0.1929E-02  0.9972E-07
      5.215    -15.000      0.000  0.1511E+01  0.0000E+00  0.1000E+01  25.000  0.9999  6.5815  0.2235E-02  0.3717E-04  0.2454E-15  0.2237E-02  0.1822E-03  0.6597E-03  0.8205E-13  0.1929E-02  0.9972E-07
     10.790    -15.000      0.000  0.1511E+01  0.0000E+00  0.1000E+01  25.000  0.9999  6.5815  0.2235E-02  0.3717E-04  0.2454E-15  0.2237E-02  0.1822E-03  0.6597E-03  0.8205E-13  0.1929E-02  0.9972E-07
     14.340    -15.000      0.000  0.1511E+01  0.0000E+00  0.1000E+01  25.000  0.9999  6.5815  0.2235E-02  0.3717E-04  0.2454E-15  0.2237E-02  0.1822E-03  0.6597E-03  0.8205E-13  0.1929E-02  0.9972E-07
      0.000    -17.000      0.000  0.1706E+01  0.0000E+00  0.1000E+01  25.000  0.9999  6.5815  0.2235E-02  0.3717E-04  0.2455E-15  0.2237E-02  0.1822E-03  0.6597E-03  0.8205E-13  0.1929E-02  0.9972E-07
      0.254    -17.000      0.000  0.1706E+01  0.0000E+00  0.1000E+01  25.000  0.9999  6.5815  0.2235E-02  0.3717E-04  0.2455E-15  0.2237E-02  0.1822E-03  0.6597E-03  0.8205E-13  0.1929E-02  0.9972E-07
      0.900    -17.000      0.000  0.1706E+01  0.0000E+00  0.1000E+01  25.000  0.9999  6.5815  0.2235E-02  0.3717E-04  0.2455E-15  0.2237E-02  0.1822E-03  0.6597E-03  0.8205E-13  0.1929E-02  0.9972E-07
      2.247    -17.000      0.000  0.1706E+01  0.0000E+00  0.1000E+01  25.000  0.9999  6.5815  0.2235E-02  0.3717E-04  0.2455E-15  0.2237E-02  0.1822E-03  0.6597E-03  0.8205E-13  0.1929E-02  0.9972E-07
      5.215    -17.000      0.000  0.1706E+01  0.0000E+00  0.1000E+01  25.000  0.9999  6.5815  0.2235E-02  0.3717E-04  0.2455E-15  0.2237E-02  0.1822E-03  0.6597E-03  0.8205E-13  0.1929E-02  0.9972E-07
     10.790    -17.000      0.000  0.1706E+01  0.0000E+00  0.1000E+01  25.000  0.9999  6.5815  0.2235E-02  0.3717E-04  0.2455E-15  0.2237E-02  0.1822E-03  0.6597E-03  0.8205E-13  0.1929E-02  0.9972E-07
     14.340    -17.000      0.000  0.1706E+01  0.0000E+00  0.1000E+01  25.000  0.9999  6.5815  0.2235E-02  0.3717E-04  0.2455E-15  0.2237E-02  0.1822E-03  0.6597E-03  0.8205E-13  0.1929E-02  0.9972E-07
      0.000    -19.000      0.000  0.1902E+01  0.0000E+00  0.1000E+01  25.000  0.9999  6.5815  0.2235E-02  0.3717E-04  0.2455E-15  0.2237E-02  0.1822E-03  0.6597E-03  0.8205E-13  0.1929E-02  0.9972E-07
      0.254    -19.000      0.000  0.1902E+01  0.0000E+00  0.1000E+01  25.000  0.9999  6.5815  0.2235E-02  0.3717E-04  0.2455E-15  0.2237E-02  0.1822E-03  0.6597E-03  0.8205E-13  0.1929E-02  0.9972E-07
      0.900    -19.000      0.000  0.1902E+01  0.0000E+00  0.1000E+01  25.000  0.9999  6.5815  0.2235E-02  0.3717E-04  0.2455E-15  0.2237E-02  0.1822E-03  0.6597E-03  0.8205E-13  0.1929E-02  0.9972E-07
      2.247    -19.000      0.000  0.1902E+01  0.0000E+00  0.1000E+01  25.000  0.9999  6.5815  0.2235E-02  0.3717E-04  0.2455E-15  0.2237E-02  0.1822E-03  0.6597E-03  0.8205E-13  0.1929E-02  0.9972E-07
      5.215    -19.000      0.000  0.1902E+01  0.0000E+00  0.1000E+01  25.000  0.9999  6.5815  0.2235E-02  0.3717E-04  0.2455E-15  0.2237E-02  0.1822E-03  0.6597E-03  0.8205E-13  0.1929E-02  0.9972E-07
     10.790    -19.000      0.000  0.1902E+01  0.0000E+00  0.1000E+01  25.000  0.9999  6.5815  0.2235E-02  0.3717E-04  0.2455E-15  0.2237E-02  0.1822E-03  0.6597E-03  0.8205E-13  0.1929E-02  0.9972E-07
     14.340    -19.000      0.000  0.1902E+01  0.0000E+00  0.1000E+01  25.000  0.9999  6.5815  0.2235E-02  0.3717E-04  0.2455E-15  0.2237E-02  0.1822E-03  0.6597E-03  0.8205E-13  0.1929E-02  0.9972E-07
      0.000    -20.000      0.000  0.2000E+01  0.0000E+00  0.1000E+01  25.000  0.9999  6.5815  0.2235E-02  0.3717E-04  0.2455E-15  0.2237E-02  0.1822E-03  0.6597E-03  0.8205E-13  0.1929E-02  0.9972E-07
      0.254    -20.000      0.000  0.2000E+01  0.0000E+00  0.1000E+01  25.000  0.9999  6.5815  0.2235E-02  0.3717E-04  0.2455E-15  0.2237E-02  0.1822E-03  0.6597E-03  0.8205E-13  0.1929E-02  0.9972E-07
      0.900    -20.000      0.000  0.2000E+01  0.0000E+00  0.1000E+01  25.000  0.9999  6.5815  0.2235E-02  0.3717E-04  0.2455E-15  0.2237E-02  0.1822E-03  0.6597E-03  0.8205E-13  0.1929E-02  0.9972E-07
      2.247    -20.000      0.000  0.2000E+01  0.0000E+00  0.1000E+01  25.000  0.9999  6.5815  0.2235E-02  0.3717E-04  0.2455E-15  0.2237E-02  0.1822E-03  0.6597E-03  0.8205E-13  0.1929E-02  0.9972E-07
      5.215    -20.000      0.000  0.2000E+01  0.0000E+00  0.1000E+01  25.000  0.9999  6.5815  0.2235E-02  0.3717E-04  0.2455E-15  0.2237E-02  0.1822E-03  0.6597E-03  0.8205E-13  0.1929E-02  0.9972E-07
     10.790    -20.000      0.000  0.2000E+01  0.0000E+00  0.1000E+01  25.000  0.9999  6.5815  0.2235E-02  0.3717E-04  0.2455E-15  0.2237E-02  0.1822E-03  0.6597E-03  0.8205E-13  0.1929E-02  0.9972E-07
     14.340    -20.000      0.000  0.2000E+01  0.0000E+00  0.1000E+01  25.000  0.9999  6.5815  0.2235E-02  0.3717E-04  0.2455E-15  0.2237E-02  0.1822E-03  0.6597E-03  0.8205E-13  0.1929E-02  0.9972E-07
ZONE T= "0.271853E+00 yr"  F=POINT
      0.000     -0.000      0.000  0.2932E-06  0.9707E+00  0.2932E-01  25.000  1.0000  7.0000  0.1037E-11  0.7326E-12  0.1030E-11  0.1007E-04  0.1007E-05  0.1037E-05  0.8069E-17  0.9972E-06  0.1296E-03
      0.000     -1.000      0.000  0.2693E-05  0.7307E+00  0.2693E+00  25.000  1.0000  4.2907  0.4251E-04  0.1069E-04  0.6340E-05  0.1067E-04  0.2187E-05  0.1508E-05  0.2413E-05  0.6951E-05  0.1296E-03
      0.254     -1.000      0.000  0.9761E-05  0.2390E-01  0.9761E+00  25.000  1.0000  4.2822  0.4338E-04  0.1094E-04  0.6471E-05  0.1068E-04  0.2212E-05  0.1517E-05  0.2462E-05  0.7074E-05  0.1296E-03
      0.900     -1.000      0.000  0.9761E-05  0.2390E-01  0.9761E+00  25.000  1.0000  4.2574  0.4604E-04  0.1168E-04  0.6868E-05  0.1072E-04  0.2286E-05  0.1547E-05  0.2613E-05  0.7447E-05  0.1296E-03
      2.247     -1.000      0.000  0.9761E-05  0.2391E-01  0.9761E+00  25.000  1.0000  4.2208  0.5025E-04  0.1281E-04  0.7496E-05  0.1078E-04  0.2403E-05  0.1593E-05  0.2853E-05  0.8036E-05  0.1296E-03
      5.215     -1.000      0.000  0.9761E-05  0.2391E-01  0.9761E+00  25.000  1.0000  4.1895  0.5411E-04  0.1382E-04  0.8072E-05  0.1083E-04  0.2510E-05  0.1636E-05  0.3074E-05  0.8577E-05  0.1296E-03
     10.790     -1.000      0.000  0.9761E-05  0.2393E-01  0.9761E+00  25.000  1.0000  4.1824  0.5502E-04  0.1405E-04  0.8208E-05  0.1084E-04  0.2535E-05  0.1646E-05  0.3126E-05  0.8705E-05  0.1296E-03
     14.340     -1.000      0.000  0.9761E-05  0.2394E-01  0.9761E+00  25.000  1.0000  4.1820  0.5507E-04  0.1407E-04  0.8216E-05  0.1084E-04  0.2537E-05  0.1647E-05  0.3129E-05  0.8712E-05  0.1296E-03
      0.000     -3.000      0.000  0.2579E-05  0.7421E+00  0.2579E+00  25.000  1.0000  4.2357  0.4839E-04  0.1218E-04  0.7219E-05  0.1075E-04  0.2351E-05  0.1573E-05  0.2748E-05  0.7776E-05  0.1296E-03
      0.254     -3.000      0.000  0.9832E-05  0.1676E-01  0.9832E+00  25.000  1.0000  4.2322  0.4880E-04  0.1231E-04  0.7280E-05  0.1076E-04  0.2362E-05  0.1577E-05  0.2772E-05  0.7834E-05  0.1296E-03
      0.900     -3.000      0.000  0.9832E-05  0.1676E-01  0.9832E+00  25.000  1.0000  4.2220  0.5005E-04  0.1269E-04  0.7466E-05  0.1077E-04  0.2397E-05  0.1591E-05  0.2842E-05  0.8008E-05  0.1296E-03
      2.247     -3.000      0.000  0.9832E-05  0.1676E-01  0.9832E+00  25.000  1.0000  4.2046  0.5220E-04  0.1330E-04  0.7786E-05  0.1080E-04  0.2457E-05  0.1615E-05  0.2965E-05  0.8309E-05  0.1296E-03
      5.215     -3.000      0.000  0.9832E-05  0.1677E-01  0.9832E+00  25.000  1.0000  4.1866  0.5448E-04  0.1391E-04  0.8126E-05  0.1084E-04  0.2520E-05  0.1640E-05  0.3095E-05  0.8628E-05  0.1296E-03
     10.790     -3.000      0.000  0.9832E-05  0.1677E-01  0.9832E+00  25.000  1.0000  4.1822  0.5505E-04  0.1406E-04  0.8212E-05  0.1084E-04  0.2536E-05  0.1646E-05  0.3128E-05  0.8709E-05  0.1296E-03
     14.340     -3.000      0.000  0.9832E-05  0.1677E-01  0.9832E+00  25.000  1.0000  4.1820  0.5508E-04  0.1407E-04  0.8216E-05  0.1084E-04  0.2537E-05  0.1647E-05  0.3130E-05  0.8713E-05  0.1296E-03
      0.000     -5.000      0.000  0.2645E-05  0.7355E+00  0.2645E+00  25.000  1.0000  4.2338  0.4860E-04  0.1223E-04  0.7250E-05  0.1075E-04  0.2357E-05  0.1575E-05  0.2760E-05  0.7805E-05  0.1296E-03
      0.254     -5.000      0.000  0.9884E-05  0.1158E-01  0.9884E+00  25.000  1.0000  4.2306  0.4899E-04  0.1235E-04  0.7308E-05  0.1076E-04  0.2368E-05  0.1579E-05  0.2782E-05  0.7860E-05  0.1296E-03
      0.900     -5.000      0.000  0.9884E-05  0.1158E-01  0.9884E+00  25.000  1.0000  4.2208  0.5019E-04  0.1272E-04  0.7486E-05  0.1078E-04  0.2401E-05  0.1593E-05  0.2850E-05  0.8028E-05  0.1296E-03
      2.247     -5.000      0.000  0.9884E-05  0.1158E-01  0.9884E+00  25.000  1.0000  4.2041  0.5226E-04  0.1332E-04  0.7796E-05  0.1081E-04  0.2458E-05  0.1616E-05  0.2968E-05  0.8318E-05  0.1296E-03
      5.215     -5.000      0.000  0.9884E-05  0.1158E-01  0.9884E+00  25.000  1.0000  4.1865  0.5449E-04  0.1392E-04  0.8129E-05  0.1084E-04  0.2520E-05  0.1640E-05  0.3096E-05  0.8631E-05  0.1296E-03
     10.790     -5.000      0.000  0.9884E-05  0.1158E-01  0.9884E+00  25.000  1.0000  4.1822  0.5505E-04  0.1406E-04  0.8212E-05  0.1084E-04  0.2536E-05  0.1646E-05  0.3128E-05  0.8709E-05  0.1296E-03
     14.340     -5.000      0.000  0.9884E-05  0.1158E-01  0.9884E+00  25.000  1.0000  4.1820  0.5508E-04  0.1407E-04  0.8216E-05  0.1084E-04  0.2537E-05  0.1647E-05  0.3130E-05  0.8713E-05  0.1296E-03
      0.000     -7.000      0.000  0.3291E-05  0.6709E+00  0.3291E+00  25.000  1.0000  4.2423  0.4761E-04  0.1194E-04  0.7102E-05  0.1074E-04  0.2329E-05  0.1564E-05  0.2704E-05  0.7668E-05  0.1296E-03
      0.254     -7.000      0.000  0.9933E-05  0.6735E-02  0.9933E+00  25.000  1.0000  4.2384  0.4808E-04  0.1209E-04  0.7172E-05  0.1075E-04  0.2342E-05  0.1570E-05  0.2730E-05  0.7733E-05  0.1296E-03
      0.900     -7.000      0.000  0.9933E-05  0.6735E-02  0.9933E+00  25.000  1.0000  4.2266  0.4949E-04  0.1253E-04  0.7383E-05  0.1077E-04  0.2382E-05  0.1585E-05  0.2810E-05  0.7931E-05  0.1296E-03
      2.247     -7.000      0.000  0.9933E-05  0.6734E-02  0.9933E+00  25.000  1.0000  4.2070  0.5190E-04  0.1322E-04  0.7742E-05  0.1080E-04  0.2448E-05  0.1612E-05  0.2947E-05  0.8268E-05  0.1296E-03
      5.215     -7.000      0.000  0.9933E-05  0.6732E-02  0.9933E+00  25.000  1.0000  4.1871  0.5442E-04  0.1390E-04  0.8117E-05  0.1084E-04  0.2518E-05  0.1639E-05  0.3091E-05  0.8620E-05  0.1296E-03
     10.790     -7.000      0.000  0.9933E-05  0.6729E-02  0.9933E+00  25.000  1.0000  4.1822  0.5505E-04  0.1406E-04  0.8211E-05  0.1084E-04  0.2536E-05  0.1646E-05  0.3128E-05  0.8708E-05  0.1296E-03
     14.340     -7.000      0.000  0.9933E-05  0.6725E-02  0.9933E+00  25.000  1.0000  4.1820  0.5508E-04  0.1407E-04  0.8216E-05  0.1084E-04  0.2537E-05  0.1647E-05  0.3130E-05  0.8713E-05  0.1296E-03
      0.000     -9.000      0.000  0.6644E-05  0.3356E+00  0.6644E+00  25.000  1.0000  4.2927  0.4717E-04  0.1042E-04  0.6274E-05  0.1573E-04  0.2588E-05  0.3004E-05  0.2388E-05  0.1128E-04  0.1293E-03
      0.254     -9.000      0.000  0.9990E-05  0.9811E-03  0.9990E+00  25.000  1.0000  4.2852  0.4769E-04  0.1067E-04  0.6394E-05  0.1546E-04  0.2587E-05  0.2931E-05  0.2434E-05  0.1115E-04  0.1293E-03
      0.900     -9.000      0.000  0.9990E-05  0.9810E-03  0.9990E+00  25.000  1.0000  4.2624  0.4928E-04  0.1143E-04  0.6767E-05  0.1460E-04  0.2583E-05  0.2691E-05  0.2576E-05  0.1072E-04  0.1294E-03
      2.247     -9.000      0.000  0.9990E-05  0.9809E-03  0.9990E+00  25.000  1.0000  4.2258  0.5194E-04  0.1263E-04  0.7398E-05  0.1309E-04  0.2574E-05  0.2275E-05  0.2816E-05  0.9959E-05  0.1295E-03
      5.215     -9.000      0.000  0.9990E-05  0.9807E-03  0.9990E+00  25.000  1.0000  4.1907  0.5460E-04  0.1378E-04  0.8047E-05  0.1148E-04  0.2558E-05  0.1827E-05  0.3065E-05  0.9120E-05  0.1296E-03
     10.790     -9.000      0.000  0.9990E-05  0.9804E-03  0.9990E+00  25.000  1.0000  4.1824  0.5525E-04  0.1405E-04  0.8207E-05  0.1107E-04  0.2554E-05  0.1713E-05  0.3126E-05  0.8902E-05  0.1296E-03
     14.340     -9.000      0.000  0.9990E-05  0.9800E-03  0.9990E+00  25.000  1.0000  4.1820  0.5528E-04  0.1407E-04  0.8216E-05  0.1105E-04  0.2553E-05  0.1707E-05  0.3130E-05  0.8890E-05  0.1296E-03
      0.000    -11.000      0.000  0.1120E+01  0.0000E+00  0.1000E+01  25.000  0.9999  4.2983  0.1945E-02  0.3346E-04  0.5582E-06  0.1930E-02  0.1574E-03  0.5703E-03  0.4839E-06  0.1664E-02  0.1792E-04
      0.254    -11.000      0.000  0.1120E+01  0.0000E+00  0.1000E+01  25.000  0.9999  4.3767  0.1963E-02  0.3417E-04  0.4948E-06  0.1947E-02  0.1589E-03  0.5756E-03  0.4757E-06  0.1679E-02  0.1690E-04
      0.900    -11.000      0.000  0.1120E+01  0.0000E+00  0.1000E+01  25.000  0.9999  4.7673  0.2020E-02  0.3833E-04  0.1096E-11  0.2005E-02  0.1635E-03  0.5926E-03  0.3630E-06  0.1729E-02  0.1356E-04
      2.247    -11.000      0.000  0.1120E+01  0.0000E+00  0.1000E+01  25.000  0.9999  5.3644  0.2113E-02  0.4128E-04  0.3617E-14  0.2105E-02  0.1715E-03  0.6220E-03  0.2197E-07  0.1815E-02  0.7794E-05
      5.215    -11.000      0.000  0.1120E+01  0.0000E+00  0.1000E+01  25.000  0.9999  6.9778  0.2210E-02  0.3836E-04  0.2029E-15  0.2209E-02  0.1800E-03  0.6525E-03  0.2300E-08  0.1905E-02  0.1707E-05
     10.790    -11.000      0.000  0.1120E+01  0.0000E+00  0.1000E+01  25.000  0.9999  7.7806  0.2234E-02  0.3736E-04  0.7095E-16  0.2235E-02  0.1820E-03  0.6597E-03  0.1109E-07  0.1927E-02  0.2090E-06
     14.340    -11.000      0.000  0.1120E+01  0.0000E+00  0.1000E+01  25.000  0.9999  7.7999  0.2235E-02  0.3730E-04  0.6990E-16  0.2236E-02  0.1821E-03  0.6601E-03  0.1157E-07  0.1928E-02  0.1313E-06
      0.000    -13.000      0.000  0.1315E+01  0.0000E+00  0.1000E+01  25.000  0.9999  6.2254  0.2207E-02  0.3834E-04  0.8652E-08  0.2207E-02  0.1797E-03  0.6514E-03  0.2015E-08  0.1902E-02  0.1864E-05
      0.254    -13.000      0.000  0.1315E+01  0.0000E+00  0.1000E+01  25.000  0.9999  6.5026  0.2209E-02  0.3840E-04  0.5613E-14  0.2209E-02  0.1799E-03  0.6520E-03  0.1471E-08  0.1904E-02  0.1730E-05
      0.900    -13.000      0.000  0.1315E+01  0.0000E+00  0.1000E+01  25.000  0.9999  6.9814  0.2216E-02  0.3814E-04  0.2833E-15  0.2216E-02  0.1805E-03  0.6542E-03  0.2303E-08  0.1910E-02  0.1314E-05
      2.247    -13.000      0.000  0.1315E+01  0.0000E+00  0.1000E+01  25.000  0.9999  7.5261  0.2226E-02  0.3769E-04  0.3899E-16  0.2227E-02  0.1814E-03  0.6573E-03  0.6426E-08  0.1920E-02  0.6890E-06
      5.215    -13.000      0.000  0.1315E+01  0.0000E+00  0.1000E+01  25.000  0.9999  7.7815  0.2234E-02  0.3736E-04  0.1877E-16  0.2235E-02  0.1821E-03  0.6598E-03  0.1110E-07  0.1927E-02  0.1944E-06
     10.790    -13.000      0.000  0.1315E+01  0.0000E+00  0.1000E+01  25.000  0.9999  7.8197  0.2235E-02  0.3730E-04  0.1659E-16  0.2237E-02  0.1822E-03  0.6602E-03  0.1207E-07  0.1928E-02  0.1036E-06
     14.340    -13.000      0.000  0.1315E+01  0.0000E+00  0.1000E+01  25.000  0.9999  7.8214  0.2235E-02  0.3730E-04  0.1649E-16  0.2237E-02  0.1822E-03  0.6603E-03  0.1212E-07  0.1929E-02  0.9978E-07
      0.000    -15.000      0.000  0.1511E+01  0.0000E+00  0.1000E+01  25.000  0.9999  7.5655  0.2233E-02  0.3738E-04  0.1743E-15  0.2235E-02  0.1820E-03  0.6594E-03  0.5428E-08  0.1927E-02  0.2357E-06
      0.254    -15.000      0.000  0.1511E+01  0.0000E+00  0.1000E+01  25.000  0.9999  7.5872  0.2233E-02  0.3737E-04  0.4935E-16  0.2235E-02  0.1820E-03  0.6595E-03  0.6816E-08  0.1927E-02  0.2232E-06
      0.900    -15.000      0.000  0.1511E+01  0.0000E+00  0.1000E+01  25.000  0.9999  7.6509  0.2234E-02  0.3735E-04  0.3338E-16  0.2235E-02  0.1821E-03  0.6597E-03  0.8316E-08  0.1927E-02  0.1862E-06
      2.247    -15.000      0.000  0.1511E+01  0.0000E+00  0.1000E+01  25.000  0.9999  7.7378  0.2235E-02  0.3732E-04  0.2280E-16  0.2236E-02  0.1821E-03  0.6600E-03  0.1008E-07  0.1928E-02  0.1363E-06
      5.215    -15.000      0.000  0.1511E+01  0.0000E+00  0.1000E+01  25.000  0.9999  7.8063  0.2235E-02  0.3730E-04  0.1746E-16  0.2237E-02  0.1822E-03  0.6602E-03  0.1172E-07  0.1928E-02  0.1045E-06
     10.790    -15.000      0.000  0.1511E+01  0.0000E+00  0.1000E+01  25.000  0.9999  7.8207  0.2235E-02  0.3730E-04  0.1653E-16  0.2237E-02  0.1822E-03  0.6603E-03  0.1210E-07  0.1929E-02  0.9988E-07
     14.340    -15.000      0.000  0.1511E+01  0.0000E+00  0.1000E+01  25.000  0.9999  7.8214  0.2235E-02  0.3730E-04  0.1649E-16  0.2237E-02  0.1822E-03  0.6603E-03  0.1212E-07  0.1929E-02  0.9972E-07
      0.000    -17.000      0.000  0.1706E+01  0.0000E+00  0.1000E+01  25.000  0.9999  7.6451  0.2235E-02  0.3731E-04  0.3055E-16  0.2237E-02  0.1822E-03  0.6600E-03  0.6434E-08  0.1928E-02  0.1083E-06
      0.254    -17.000      0.000  0.1706E+01  0.0000E+00  0.1000E+01  25.000  0.9999  7.6572  0.2235E-02  0.3731E-04  0.2923E-16  0.2237E-02  0.1822E-03  0.6601E-03  0.7854E-08  0.1928E-02  0.1074E-06
      0.900    -17.000      0.000  0.1706E+01  0.0000E+00  0.1000E+01  25.000  0.9999  7.6956  0.2235E-02  0.3730E-04  0.2563E-16  0.2237E-02  0.1822E-03  0.6601E-03  0.9149E-08  0.1928E-02  0.1048E-06
      2.247    -17.000      0.000  0.1706E+01  0.0000E+00  0.1000E+01  25.000  0.9999  7.7546  0.2235E-02  0.3730E-04  0.2093E-16  0.2237E-02  0.1822E-03  0.6602E-03  0.1046E-07  0.1929E-02  0.1016E-06
      5.215    -17.000      0.000  0.1706E+01  0.0000E+00  0.1000E+01  25.000  0.9999  7.8084  0.2235E-02  0.3730E-04  0.1730E-16  0.2237E-02  0.1822E-03  0.6603E-03  0.1177E-07  0.1929E-02  0.9993E-07
     10.790    -17.000      0.000  0.1706E+01  0.0000E+00  0.1000E+01  25.000  0.9999  7.8208  0.2235E-02  0.3730E-04  0.1653E-16  0.2237E-02  0.1822E-03  0.6603E-03  0.1210E-07  0.1929E-02  0.9972E-07
     14.340    -17.000      0.000  0.1706E+01  0.0000E+00  0.1000E+01  25.000  0.9999  7.8214  0.2235E-02  0.3730E-04  0.1649E-16  0.2237E-02  0.1822E-03  0.6603E-03  0.1212E-07  0.1929E-02  0.9972E-07
      0.000    -19.000      0.000  0.1902E+01  0.0000E+00  0.1000E+01  25.000  0.9999  7.6500  0.2235E-02  0.3730E-04  0.2974E-16  0.2237E-02  0.1822E-03  0.6601E-03  0.6507E-08  0.1929E-02  0.1002E-06
      0.254    -19.000      0.000  0.1902E+01  0.0000E+00  0.1000E+01  25.000  0.9999  7.6615  0.2235E-02  0.3730E-04  0.2859E-16  0.2237E-02  0.1822E-03  0.6601E-03  0.7925E-08  0.1929E-02  0.1001E-06
      0.900    -19.000      0.000  0.1902E+01  0.0000E+00  0.1000E+01  25.000  0.9999  7.6983  0.2235E-02  0.3730E-04  0.2529E-16  0.2237E-02  0.1822E-03  0.6601E-03  0.9201E-08  0.1929E-02  0.9998E-07
      2.247    -19.000      0.000  0.1902E+01  0.0000E+00  0.1000E+01  25.000  0.9999  7.7555  0.2235E-02  0.3730E-04  0.2085E-16  0.2237E-02  0.1822E-03  0.6602E-03  0.1048E-07  0.1929E-02  0.9981E-07
      5.215    -19.000      0.000  0.1902E+01  0.0000E+00  0.1000E+01  25.000  0.9999  7.8085  0.2235E-02  0.3730E-04  0.1729E-16  0.2237E-02  0.1822E-03  0.6603E-03  0.1177E-07  0.1929E-02  0.9973E-07
     10.790    -19.000      0.000  0.1902E+01  0.0000E+00  0.1000E+01  25.000  0.9999  7.8208  0.2235E-02  0.3730E-04  0.1653E-16  0.2237E-02  0.1822E-03  0.6603E-03  0.1210E-07  0.1929E-02  0.9972E-07
     14.340    -19.000      0.000  0.1902E+01  0.0000E+00  0.1000E+01  25.000  0.9999  7.8214  0.2235E-02  0.3730E-04  0.1649E-16  0.2237E-02  0.1822E-03  0.6603E-03  0.1212E-07  0.1929E-02  0.9972E-07
      0.000    -20.000      0.000  0.2000E+01  0.0000E+00  0.1000E+01  25.000  0.9999  6.5815  0.2235E-02  0.3717E-04  0.2455E-15  0.2237E-02  0.1822E-03  0.6597E-03  0.8205E-13  0.1929E-02  0.9972E-07
      0.254    -20.000      0.000  0.2000E+01  0.0000E+00  0.1000E+01  25.000  0.9999  6.5815  0.2235E-02  0.3717E-04  0.2455E-15  0.2237E-02  0.1822E-03  0.6597E-03  0.8205E-13  0.1929E-02  0.9972E-07
      0.900    -20.000      0.000  0.2000E+01  0.0000E+00  0.1000E+01  25.000  0.9999  6.5815  0.2235E-02  0.3717E-04  0.2455E-15  0.2237E-02  0.1822E-03  0.6597E-03  0.8205E-13  0.1929E-02  0.9972E-07
      2.247    -20.000      0.000  0.2000E+01  0.0000E+00  0.1000E+01  25.000  0.9999  6.5815  0.2235E-02  0.3717E-04  0.2455E-15  0.2237E-02  0.1822E-03  0.6597E-03  0.8205E-13  0.1929E-02  0.9972E-07
      5.215    -20.000      0.000  0.2000E+01  0.0000E+00  0.1000E+01  25.000  0.9999  6.5815  0.2235E-02  0.3717E-04  0.2455E-15  0.2237E-02  0.1822E-03  0.6597E-03  0.8205E-13  0.1929E-02  0.9972E-07
     10.790    -20.000      0.000  0.2000E+01  0.0000E+00  0.1000E+01  25.000  0.9999  6.5815  0.2235E-02  0.3717E-04  0.2455E-15  0.2237E-02  0.1822E-03  0.6597E-03  0.8205E-13  0.1929E-02  0.9972E-07
     14.340    -20.000      0.000  0.2000E+01  0.0000E+00  0.1000E+01  25.000  0.9999  6.5815  0.2235E-02  0.3717E-04  0.2455E-15  0.2237E-02  0.1822E-03  0.6597E-03  0.8205E-13  0.1929E-02  0.9972E-07
ZONE T= "0.545644E+00 yr"  F=POINT
      0.000     -0.000      0.000  0.2932E-06  0.9707E+00  0.2932E-01  25.000  1.0000  7.0000  0.1037E-11  0.7326E-12  0.1030E-11  0.1007E-04  0.1007E-05  0.1037E-05  0.8069E-17  0.9972E-06  0.1296E-03
      0.000     -1.000      0.000  0.2692E-05  0.7308E+00  0.2692E+00  25.000  1.0000  4.0053  0.8323E-04  0.2088E-04  0.1242E-04  0.1124E-04  0.3318E-05  0.1958E-05  0.4764E-05  0.1266E-04  0.1295E-03
      0.254     -1.000      0.000  0.9761E-05  0.2393E-01  0.9761E+00  25.000  1.0000  3.9985  0.8460E-04  0.2126E-04  0.1262E-04  0.1126E-04  0.3356E-05  0.1973E-05  0.4842E-05  0.1285E-04  0.1295E-03
      0.900     -1.000      0.000  0.9761E-05  0.2393E-01  0.9761E+00  25.000  1.0000  3.9776  0.8894E-04  0.2242E-04  0.1327E-04  0.1132E-04  0.3477E-05  0.2021E-05  0.5090E-05  0.1346E-04  0.1295E-03
      2.247     -1.000      0.000  0.9761E-05  0.2394E-01  0.9761E+00  25.000  1.0000  3.9436  0.9649E-04  0.2442E-04  0.1439E-04  0.1142E-04  0.3687E-05  0.2104E-05  0.5523E-05  0.1451E-04  0.1295E-03
      5.215     -1.000      0.000  0.9761E-05  0.2394E-01  0.9761E+00  25.000  1.0000  3.9051  0.1058E-03  0.2683E-04  0.1578E-04  0.1155E-04  0.3944E-05  0.2207E-05  0.6060E-05  0.1582E-04  0.1295E-03
     10.790     -1.000      0.000  0.9760E-05  0.2396E-01  0.9760E+00  25.000  1.0000  3.8889  0.1099E-03  0.2789E-04  0.1640E-04  0.1161E-04  0.4060E-05  0.2253E-05  0.6304E-05  0.1640E-04  0.1295E-03
     14.340     -1.000      0.000  0.9760E-05  0.2397E-01  0.9760E+00  25.000  1.0000  3.8870  0.1104E-03  0.2802E-04  0.1648E-04  0.1162E-04  0.4074E-05  0.2258E-05  0.6334E-05  0.1647E-04  0.1295E-03
      0.000     -3.000      0.000  0.2578E-05  0.7422E+00  0.2578E+00  25.000  1.0000  3.9283  0.9987E-04  0.2506E-04  0.1490E-04  0.1147E-04  0.3781E-05  0.2142E-05  0.5727E-05  0.1499E-04  0.1295E-03
      0.254     -3.000      0.000  0.9832E-05  0.1679E-01  0.9832E+00  25.000  1.0000  3.9265  0.1003E-03  0.2520E-04  0.1497E-04  0.1148E-04  0.3793E-05  0.2147E-05  0.5753E-05  0.1505E-04  0.1295E-03
      0.900     -3.000      0.000  0.9832E-05  0.1679E-01  0.9832E+00  25.000  1.0000  3.9207  0.1018E-03  0.2564E-04  0.1518E-04  0.1150E-04  0.3833E-05  0.2163E-05  0.5835E-05  0.1526E-04  0.1295E-03
      2.247     -3.000      0.000  0.9832E-05  0.1679E-01  0.9832E+00  25.000  1.0000  3.9101  0.1045E-03  0.2642E-04  0.1559E-04  0.1153E-04  0.3908E-05  0.2192E-05  0.5988E-05  0.1563E-04  0.1295E-03
      5.215     -3.000      0.000  0.9832E-05  0.1679E-01  0.9832E+00  25.000  1.0000  3.8953  0.1083E-03  0.2746E-04  0.1615E-04  0.1159E-04  0.4014E-05  0.2234E-05  0.6207E-05  0.1617E-04  0.1295E-03
     10.790     -3.000      0.000  0.9832E-05  0.1679E-01  0.9832E+00  25.000  1.0000  3.8878  0.1102E-03  0.2797E-04  0.1644E-04  0.1162E-04  0.4068E-05  0.2256E-05  0.6321E-05  0.1644E-04  0.1295E-03
     14.340     -3.000      0.000  0.9832E-05  0.1679E-01  0.9832E+00  25.000  1.0000  3.8869  0.1105E-03  0.2803E-04  0.1648E-04  0.1162E-04  0.4075E-05  0.2259E-05  0.6336E-05  0.1647E-04  0.1295E-03
      0.000     -5.000      0.000  0.2644E-05  0.7356E+00  0.2644E+00  25.000  1.0000  3.9240  0.1009E-03  0.2531E-04  0.1505E-04  0.1148E-04  0.3809E-05  0.2153E-05  0.5787E-05  0.1513E-04  0.1295E-03
      0.254     -5.000      0.000  0.9884E-05  0.1159E-01  0.9884E+00  25.000  1.0000  3.9224  0.1013E-03  0.2544E-04  0.1511E-04  0.1149E-04  0.3820E-05  0.2157E-05  0.5809E-05  0.1519E-04  0.1295E-03
      0.900     -5.000      0.000  0.9884E-05  0.1159E-01  0.9884E+00  25.000  1.0000  3.9175  0.1026E-03  0.2583E-04  0.1530E-04  0.1151E-04  0.3855E-05  0.2171E-05  0.5881E-05  0.1537E-04  0.1295E-03
      2.247     -5.000      0.000  0.9884E-05  0.1159E-01  0.9884E+00  25.000  1.0000  3.9081  0.1049E-03  0.2654E-04  0.1566E-04  0.1154E-04  0.3922E-05  0.2198E-05  0.6017E-05  0.1570E-04  0.1295E-03
      5.215     -5.000      0.000  0.9884E-05  0.1159E-01  0.9884E+00  25.000  1.0000  3.8947  0.1084E-03  0.2750E-04  0.1618E-04  0.1159E-04  0.4018E-05  0.2236E-05  0.6216E-05  0.1619E-04  0.1295E-03
     10.790     -5.000      0.000  0.9884E-05  0.1159E-01  0.9884E+00  25.000  1.0000  3.8877  0.1102E-03  0.2797E-04  0.1645E-04  0.1162E-04  0.4069E-05  0.2256E-05  0.6323E-05  0.1644E-04  0.1295E-03
     14.340     -5.000      0.000  0.9884E-05  0.1159E-01  0.9884E+00  25.000  1.0000  3.8868  0.1105E-03  0.2803E-04  0.1648E-04  0.1162E-04  0.4075E-05  0.2259E-05  0.6336E-05  0.1647E-04  0.1295E-03
      0.000     -7.000      0.000  0.3290E-05  0.6710E+00  0.3290E+00  25.000  1.0000  3.9293  0.9960E-04  0.2493E-04  0.1486E-04  0.1147E-04  0.3773E-05  0.2139E-05  0.5712E-05  0.1495E-04  0.1295E-03
      0.254     -7.000      0.000  0.9933E-05  0.6738E-02  0.9933E+00  25.000  1.0000  3.9274  0.1001E-03  0.2508E-04  0.1493E-04  0.1148E-04  0.3786E-05  0.2145E-05  0.5739E-05  0.1502E-04  0.1295E-03
      0.900     -7.000      0.000  0.9933E-05  0.6738E-02  0.9933E+00  25.000  1.0000  3.9215  0.1016E-03  0.2555E-04  0.1515E-04  0.1150E-04  0.3828E-05  0.2161E-05  0.5824E-05  0.1523E-04  0.1295E-03
      2.247     -7.000      0.000  0.9933E-05  0.6737E-02  0.9933E+00  25.000  1.0000  3.9106  0.1043E-03  0.2637E-04  0.1557E-04  0.1153E-04  0.3905E-05  0.2191E-05  0.5981E-05  0.1562E-04  0.1295E-03
      5.215     -7.000      0.000  0.9933E-05  0.6735E-02  0.9933E+00  25.000  1.0000  3.8955  0.1082E-03  0.2743E-04  0.1614E-04  0.1159E-04  0.4012E-05  0.2234E-05  0.6204E-05  0.1616E-04  0.1295E-03
     10.790     -7.000      0.000  0.9933E-05  0.6732E-02  0.9933E+00  25.000  1.0000  3.8878  0.1102E-03  0.2796E-04  0.1644E-04  0.1162E-04  0.4068E-05  0.2256E-05  0.6321E-05  0.1644E-04  0.1295E-03
     14.340     -7.000      0.000  0.9933E-05  0.6728E-02  0.9933E+00  25.000  1.0000  3.8869  0.1105E-03  0.2802E-04  0.1648E-04  0.1162E-04  0.4075E-05  0.2259E-05  0.6336E-05  0.1647E-04  0.1295E-03
      0.000     -9.000      0.000  0.6644E-05  0.3356E+00  0.6644E+00  25.000  1.0000  3.9655  0.9817E-04  0.2259E-04  0.1359E-04  0.1836E-04  0.4108E-05  0.4125E-05  0.5224E-05  0.1983E-04  0.1291E-03
      0.254     -9.000      0.000  0.9990E-05  0.9811E-03  0.9990E+00  25.000  1.0000  3.9619  0.9874E-04  0.2286E-04  0.1371E-04  0.1812E-04  0.4110E-05  0.4058E-05  0.5271E-05  0.1973E-04  0.1291E-03
      0.900     -9.000      0.000  0.9990E-05  0.9811E-03  0.9990E+00  25.000  1.0000  3.9505  0.1005E-03  0.2367E-04  0.1411E-04  0.1730E-04  0.4114E-05  0.3833E-05  0.5423E-05  0.1936E-04  0.1292E-03
      2.247     -9.000      0.000  0.9990E-05  0.9810E-03  0.9990E+00  25.000  1.0000  3.9299  0.1038E-03  0.2511E-04  0.1485E-04  0.1574E-04  0.4119E-05  0.3404E-05  0.5705E-05  0.1864E-04  0.1293E-03
      5.215     -9.000      0.000  0.9990E-05  0.9807E-03  0.9990E+00  25.000  1.0000  3.9023  0.1083E-03  0.2699E-04  0.1588E-04  0.1345E-04  0.4117E-05  0.2772E-05  0.6102E-05  0.1754E-04  0.1294E-03
     10.790     -9.000      0.000  0.9990E-05  0.9804E-03  0.9990E+00  25.000  1.0000  3.8886  0.1106E-03  0.2791E-04  0.1641E-04  0.1219E-04  0.4109E-05  0.2425E-05  0.6310E-05  0.1691E-04  0.1295E-03
     14.340     -9.000      0.000  0.9990E-05  0.9800E-03  0.9990E+00  25.000  1.0000  3.8869  0.1109E-03  0.2802E-04  0.1648E-04  0.1203E-04  0.4108E-05  0.2381E-05  0.6335E-05  0.1683E-04  0.1295E-03
      0.000    -11.000      0.000  0.1120E+01  0.0000E+00  0.1000E+01  25.000  0.9999  4.2038  0.1815E-02  0.3996E-04  0.1171E-05  0.1783E-02  0.1459E-03  0.5278E-03  0.1155E-05  0.1539E-02  0.2643E-04
      0.254    -11.000      0.000  0.1120E+01  0.0000E+00  0.1000E+01  25.000  0.9999  4.2784  0.1833E-02  0.4063E-04  0.1051E-05  0.1801E-02  0.1473E-03  0.5330E-03  0.1125E-05  0.1554E-02  0.2542E-04
      0.900    -11.000      0.000  0.1120E+01  0.0000E+00  0.1000E+01  25.000  0.9999  4.5759  0.1890E-02  0.4429E-04  0.3778E-06  0.1860E-02  0.1521E-03  0.5505E-03  0.9366E-06  0.1605E-02  0.2201E-04
      2.247    -11.000      0.000  0.1120E+01  0.0000E+00  0.1000E+01  25.000  0.9999  4.9319  0.1993E-02  0.4623E-04  0.5019E-13  0.1972E-02  0.1610E-03  0.5839E-03  0.2351E-06  0.1701E-02  0.1548E-04
      5.215    -11.000      0.000  0.1120E+01  0.0000E+00  0.1000E+01  25.000  0.9999  6.9326  0.2145E-02  0.4262E-04  0.2676E-15  0.2137E-02  0.1742E-03  0.6325E-03  0.2389E-08  0.1843E-02  0.5892E-05
     10.790    -11.000      0.000  0.1120E+01  0.0000E+00  0.1000E+01  25.000  0.9999  8.0078  0.2224E-02  0.3779E-04  0.4080E-16  0.2225E-02  0.1812E-03  0.6575E-03  0.1849E-07  0.1918E-02  0.8035E-06
     14.340    -11.000      0.000  0.1120E+01  0.0000E+00  0.1000E+01  25.000  0.9999  8.0669  0.2234E-02  0.3726E-04  0.2786E-16  0.2235E-02  0.1821E-03  0.6604E-03  0.2102E-07  0.1927E-02  0.1863E-06
      0.000    -13.000      0.000  0.1315E+01  0.0000E+00  0.1000E+01  25.000  0.9999  5.9066  0.2172E-02  0.4048E-04  0.2027E-07  0.2167E-02  0.1766E-03  0.6405E-03  0.4547E-08  0.1868E-02  0.4158E-05
      0.254    -13.000      0.000  0.1315E+01  0.0000E+00  0.1000E+01  25.000  0.9999  6.0899  0.2175E-02  0.4051E-04  0.1507E-13  0.2171E-02  0.1769E-03  0.6415E-03  0.2330E-08  0.1871E-02  0.3951E-05
      0.900    -13.000      0.000  0.1315E+01  0.0000E+00  0.1000E+01  25.000  0.9999  6.9452  0.2185E-02  0.4018E-04  0.4195E-15  0.2182E-02  0.1778E-03  0.6449E-03  0.2241E-08  0.1881E-02  0.3280E-05
      2.247    -13.000      0.000  0.1315E+01  0.0000E+00  0.1000E+01  25.000  0.9999  7.6419  0.2204E-02  0.3902E-04  0.1971E-16  0.2202E-02  0.1794E-03  0.6509E-03  0.8327E-08  0.1899E-02  0.2111E-05
      5.215    -13.000      0.000  0.1315E+01  0.0000E+00  0.1000E+01  25.000  0.9999  7.9974  0.2226E-02  0.3775E-04  0.7188E-17  0.2226E-02  0.1813E-03  0.6579E-03  0.1802E-07  0.1919E-02  0.7073E-06
     10.790    -13.000      0.000  0.1315E+01  0.0000E+00  0.1000E+01  25.000  0.9999  8.0924  0.2235E-02  0.3729E-04  0.5273E-17  0.2236E-02  0.1821E-03  0.6606E-03  0.2222E-07  0.1928E-02  0.1548E-06
     14.340    -13.000      0.000  0.1315E+01  0.0000E+00  0.1000E+01  25.000  0.9999  8.1013  0.2235E-02  0.3725E-04  0.5111E-17  0.2237E-02  0.1822E-03  0.6608E-03  0.2266E-07  0.1928E-02  0.1016E-06
      0.000    -15.000      0.000  0.1511E+01  0.0000E+00  0.1000E+01  25.000  0.9999  7.8286  0.2227E-02  0.3763E-04  0.6852E-16  0.2228E-02  0.1815E-03  0.6581E-03  0.1032E-07  0.1921E-02  0.6014E-06
      0.254    -15.000      0.000  0.1511E+01  0.0000E+00  0.1000E+01  25.000  0.9999  7.8471  0.2228E-02  0.3761E-04  0.1478E-16  0.2229E-02  0.1815E-03  0.6583E-03  0.1202E-07  0.1922E-02  0.5705E-06
      0.900    -15.000      0.000  0.1511E+01  0.0000E+00  0.1000E+01  25.000  0.9999  7.9030  0.2230E-02  0.3753E-04  0.1091E-16  0.2230E-02  0.1817E-03  0.6588E-03  0.1447E-07  0.1923E-02  0.4729E-06
      2.247    -15.000      0.000  0.1511E+01  0.0000E+00  0.1000E+01  25.000  0.9999  7.9857  0.2232E-02  0.3741E-04  0.7971E-17  0.2233E-02  0.1819E-03  0.6597E-03  0.1749E-07  0.1925E-02  0.3152E-06
      5.215    -15.000      0.000  0.1511E+01  0.0000E+00  0.1000E+01  25.000  0.9999  8.0677  0.2235E-02  0.3729E-04  0.5832E-17  0.2236E-02  0.1821E-03  0.6605E-03  0.2102E-07  0.1928E-02  0.1543E-06
     10.790    -15.000      0.000  0.1511E+01  0.0000E+00  0.1000E+01  25.000  0.9999  8.0983  0.2235E-02  0.3725E-04  0.5173E-17  0.2237E-02  0.1822E-03  0.6608E-03  0.2251E-07  0.1928E-02  0.1039E-06
     14.340    -15.000      0.000  0.1511E+01  0.0000E+00  0.1000E+01  25.000  0.9999  8.1015  0.2235E-02  0.3725E-04  0.5107E-17  0.2237E-02  0.1822E-03  0.6609E-03  0.2267E-07  0.1928E-02  0.9984E-07
      0.000    -17.000      0.000  0.1706E+01  0.0000E+00  0.1000E+01  25.000  0.9999  7.9647  0.2235E-02  0.3731E-04  0.8619E-17  0.2236E-02  0.1821E-03  0.6603E-03  0.1385E-07  0.1928E-02  0.1518E-06
      0.254    -17.000      0.000  0.1706E+01  0.0000E+00  0.1000E+01  25.000  0.9999  7.9713  0.2235E-02  0.3731E-04  0.8381E-17  0.2236E-02  0.1821E-03  0.6603E-03  0.1558E-07  0.1928E-02  0.1481E-06
      0.900    -17.000      0.000  0.1706E+01  0.0000E+00  0.1000E+01  25.000  0.9999  7.9933  0.2235E-02  0.3730E-04  0.7717E-17  0.2236E-02  0.1821E-03  0.6604E-03  0.1761E-07  0.1928E-02  0.1367E-06
      2.247    -17.000      0.000  0.1706E+01  0.0000E+00  0.1000E+01  25.000  0.9999  8.0314  0.2235E-02  0.3728E-04  0.6696E-17  0.2236E-02  0.1822E-03  0.6606E-03  0.1936E-07  0.1928E-02  0.1194E-06
      5.215    -17.000      0.000  0.1706E+01  0.0000E+00  0.1000E+01  25.000  0.9999  8.0779  0.2235E-02  0.3726E-04  0.5606E-17  0.2237E-02  0.1822E-03  0.6608E-03  0.2150E-07  0.1928E-02  0.1040E-06
     10.790    -17.000      0.000  0.1706E+01  0.0000E+00  0.1000E+01  25.000  0.9999  8.0991  0.2235E-02  0.3725E-04  0.5157E-17  0.2237E-02  0.1822E-03  0.6609E-03  0.2255E-07  0.1928E-02  0.9999E-07
     14.340    -17.000      0.000  0.1706E+01  0.0000E+00  0.1000E+01  25.000  0.9999  8.1015  0.2235E-02  0.3725E-04  0.5107E-17  0.2237E-02  0.1822E-03  0.6609E-03  0.2268E-07  0.1928E-02  0.9972E-07
      0.000    -19.000      0.000  0.1902E+01  0.0000E+00  0.1000E+01  25.000  0.9999  7.9771  0.2235E-02  0.3728E-04  0.8219E-17  0.2237E-02  0.1822E-03  0.6605E-03  0.1425E-07  0.1928E-02  0.1044E-06
      0.254    -19.000      0.000  0.1902E+01  0.0000E+00  0.1000E+01  25.000  0.9999  7.9827  0.2235E-02  0.3728E-04  0.8040E-17  0.2237E-02  0.1822E-03  0.6605E-03  0.1597E-07  0.1928E-02  0.1040E-06
      0.900    -19.000      0.000  0.1902E+01  0.0000E+00  0.1000E+01  25.000  0.9999  8.0016  0.2235E-02  0.3727E-04  0.7485E-17  0.2237E-02  0.1822E-03  0.6606E-03  0.1793E-07  0.1928E-02  0.1029E-06
      2.247    -19.000      0.000  0.1902E+01  0.0000E+00  0.1000E+01  25.000  0.9999  8.0354  0.2235E-02  0.3727E-04  0.6594E-17  0.2237E-02  0.1822E-03  0.6607E-03  0.1953E-07  0.1928E-02  0.1013E-06
      5.215    -19.000      0.000  0.1902E+01  0.0000E+00  0.1000E+01  25.000  0.9999  8.0787  0.2235E-02  0.3725E-04  0.5589E-17  0.2237E-02  0.1822E-03  0.6608E-03  0.2154E-07  0.1929E-02  0.1000E-06
     10.790    -19.000      0.000  0.1902E+01  0.0000E+00  0.1000E+01  25.000  0.9999  8.0991  0.2235E-02  0.3725E-04  0.5157E-17  0.2237E-02  0.1822E-03  0.6609E-03  0.2255E-07  0.1929E-02  0.9973E-07
     14.340    -19.000      0.000  0.1902E+01  0.0000E+00  0.1000E+01  25.000  0.9999  8.1015  0.2235E-02  0.3725E-04  0.5107E-17  0.2237E-02  0.1822E-03  0.6609E-03  0.2268E-07  0.1929E-02  0.9972E-07
      0.000    -20.000      0.000  0.2000E+01  0.0000E+00  0.1000E+01  25.000  0.9999  6.5815  0.2235E-02  0.3717E-04  0.2455E-15  0.2237E-02  0.1822E-03  0.6597E-03  0.8205E-13  0.1929E-02  0.9972E-07
      0.254    -20.000      0.000  0.2000E+01  0.0000E+00  0.1000E+01  25.000  0.9999  6.5815  0.2235E-02  0.3717E-04  0.2455E-15  0.2237E-02  0.1822E-03  0.6597E-03  0.8205E-13  0.1929E-02  0.9972E-07
      0.900    -20.000      0.000  0.2000E+01  0.0000E+00  0.1000E+01  25.000  0.9999  6.5815  0.2235E-02  0.3717E-04  0.2455E-15  0.2237E-02  0.1822E-03  0.6597E-03  0.8205E-13  0.1929E-02  0.9972E-07
      2.247    -20.000      0.000  0.2000E+01  0.0000E+00  0.1000E+01  25.000  0.9999  6.5815  0.2235E-02  0.3717E-04  0.2455E-15  0.2237E-02  0.1822E-03  0.6597E-03  0.8205E-13  0.1929E-02  0.9972E-07
      5.215    -20.000      0.000  0.2000E+01  0.0000E+00  0.1000E+01  25.000  0.9999  6.5815  0.2235E-02  0.3717E-04  0.2455E-15  0.2237E-02  0.1822E-03  0.6597E-03  0.8205E-13  0.1929E-02  0.9972E-07
     10.790    -20.000      0.000  0.2000E+01  0.0000E+00  0.1000E+01  25.000  0.9999  6.5815  0.2235E-02  0.3717E-04  0.2455E-15  0.2237E-02  0.1822E-03  0.6597E-03  0.8205E-13  0.1929E-02  0.9972E-07
     14.340    -20.000      0.000  0.2000E+01  0.0000E+00  0.1000E+01  25.000  0.9999  6.5815  0.2235E-02  0.3717E-04  0.2455E-15  0.2237E-02  0.1822E-03  0.6597E-03  0.8205E-13  0.1929E-02  0.9972E-07
ZONE T= "0.819435E+00 yr"  F=POINT
      0.000     -0.000      0.000  0.2932E-06  0.9707E+00  0.2932E-01  25.000  1.0000  7.0000  0.1037E-11  0.7326E-12  0.1030E-11  0.1007E-04  0.1007E-05  0.1037E-05  0.8069E-17  0.9972E-06  0.1296E-03
      0.000     -1.000      0.000  0.2692E-05  0.7308E+00  0.2692E+00  25.000  1.0000  3.8469  0.1212E-03  0.3042E-04  0.1808E-04  0.1176E-04  0.4373E-05  0.2377E-05  0.6972E-05  0.1798E-04  0.1294E-03
      0.254     -1.000      0.000  0.9761E-05  0.2395E-01  0.9761E+00  25.000  1.0000  3.8407  0.1230E-03  0.3091E-04  0.1836E-04  0.1179E-04  0.4423E-05  0.2397E-05  0.7077E-05  0.1823E-04  0.1294E-03
      0.900     -1.000      0.000  0.9761E-05  0.2395E-01  0.9761E+00  25.000  1.0000  3.8212  0.1289E-03  0.3248E-04  0.1924E-04  0.1187E-04  0.4588E-05  0.2462E-05  0.7418E-05  0.1906E-04  0.1294E-03
      2.247     -1.000      0.000  0.9760E-05  0.2395E-01  0.9760E+00  25.000  1.0000  3.7878  0.1397E-03  0.3531E-04  0.2085E-04  0.1202E-04  0.4888E-05  0.2582E-05  0.8040E-05  0.2058E-04  0.1294E-03
      5.215     -1.000      0.000  0.9760E-05  0.2396E-01  0.9760E+00  25.000  1.0000  3.7457  0.1547E-03  0.3919E-04  0.2308E-04  0.1223E-04  0.5303E-05  0.2747E-05  0.8909E-05  0.2267E-04  0.1293E-03
     10.790     -1.000      0.000  0.9760E-05  0.2397E-01  0.9760E+00  25.000  1.0000  3.7218  0.1639E-03  0.4153E-04  0.2445E-04  0.1236E-04  0.5558E-05  0.2848E-05  0.9452E-05  0.2396E-04  0.1293E-03
     14.340     -1.000      0.000  0.9760E-05  0.2398E-01  0.9760E+00  25.000  1.0000  3.7176  0.1656E-03  0.4196E-04  0.2471E-04  0.1238E-04  0.5605E-05  0.2867E-05  0.9554E-05  0.2420E-04  0.1293E-03
      0.000     -3.000      0.000  0.2578E-05  0.7422E+00  0.2578E+00  25.000  1.0000  3.7542  0.1513E-03  0.3797E-04  0.2257E-04  0.1218E-04  0.5208E-05  0.2709E-05  0.8727E-05  0.2220E-04  0.1293E-03
      0.254     -3.000      0.000  0.9832E-05  0.1680E-01  0.9832E+00  25.000  1.0000  3.7529  0.1518E-03  0.3813E-04  0.2265E-04  0.1219E-04  0.5223E-05  0.2715E-05  0.8756E-05  0.2227E-04  0.1293E-03
      0.900     -3.000      0.000  0.9832E-05  0.1680E-01  0.9832E+00  25.000  1.0000  3.7486  0.1534E-03  0.3862E-04  0.2290E-04  0.1221E-04  0.5268E-05  0.2733E-05  0.8850E-05  0.2250E-04  0.1293E-03
      2.247     -3.000      0.000  0.9832E-05  0.1680E-01  0.9832E+00  25.000  1.0000  3.7404  0.1566E-03  0.3954E-04  0.2337E-04  0.1226E-04  0.5356E-05  0.2768E-05  0.9031E-05  0.2294E-04  0.1293E-03
      5.215     -3.000      0.000  0.9832E-05  0.1680E-01  0.9832E+00  25.000  1.0000  3.7279  0.1615E-03  0.4089E-04  0.2410E-04  0.1233E-04  0.5492E-05  0.2822E-05  0.9313E-05  0.2363E-04  0.1293E-03
     10.790     -3.000      0.000  0.9832E-05  0.1680E-01  0.9832E+00  25.000  1.0000  3.7190  0.1650E-03  0.4181E-04  0.2462E-04  0.1238E-04  0.5590E-05  0.2861E-05  0.9520E-05  0.2412E-04  0.1293E-03
     14.340     -3.000      0.000  0.9832E-05  0.1681E-01  0.9832E+00  25.000  1.0000  3.7173  0.1657E-03  0.4199E-04  0.2472E-04  0.1239E-04  0.5609E-05  0.2868E-05  0.9561E-05  0.2421E-04  0.1293E-03
      0.000     -5.000      0.000  0.2644E-05  0.7356E+00  0.2644E+00  25.000  1.0000  3.7476  0.1537E-03  0.3858E-04  0.2294E-04  0.1222E-04  0.5276E-05  0.2736E-05  0.8870E-05  0.2254E-04  0.1293E-03
      0.254     -5.000      0.000  0.9884E-05  0.1160E-01  0.9884E+00  25.000  1.0000  3.7466  0.1541E-03  0.3871E-04  0.2300E-04  0.1222E-04  0.5287E-05  0.2740E-05  0.8893E-05  0.2259E-04  0.1293E-03
      0.900     -5.000      0.000  0.9884E-05  0.1160E-01  0.9884E+00  25.000  1.0000  3.7433  0.1554E-03  0.3911E-04  0.2319E-04  0.1224E-04  0.5323E-05  0.2755E-05  0.8967E-05  0.2277E-04  0.1293E-03
      2.247     -5.000      0.000  0.9884E-05  0.1160E-01  0.9884E+00  25.000  1.0000  3.7368  0.1579E-03  0.3988E-04  0.2357E-04  0.1228E-04  0.5394E-05  0.2783E-05  0.9111E-05  0.2313E-04  0.1293E-03
      5.215     -5.000      0.000  0.9884E-05  0.1160E-01  0.9884E+00  25.000  1.0000  3.7265  0.1620E-03  0.4102E-04  0.2418E-04  0.1233E-04  0.5507E-05  0.2828E-05  0.9345E-05  0.2370E-04  0.1293E-03
     10.790     -5.000      0.000  0.9884E-05  0.1160E-01  0.9884E+00  25.000  1.0000  3.7188  0.1651E-03  0.4184E-04  0.2464E-04  0.1238E-04  0.5592E-05  0.2862E-05  0.9526E-05  0.2413E-04  0.1293E-03
     14.340     -5.000      0.000  0.9884E-05  0.1160E-01  0.9884E+00  25.000  1.0000  3.7173  0.1657E-03  0.4199E-04  0.2473E-04  0.1239E-04  0.5609E-05  0.2868E-05  0.9561E-05  0.2422E-04  0.1293E-03
      0.000     -7.000      0.000  0.3290E-05  0.6710E+00  0.3290E+00  25.000  1.0000  3.7513  0.1522E-03  0.3817E-04  0.2267E-04  0.1220E-04  0.5236E-05  0.2721E-05  0.8789E-05  0.2234E-04  0.1293E-03
      0.254     -7.000      0.000  0.9933E-05  0.6740E-02  0.9933E+00  25.000  1.0000  3.7500  0.1527E-03  0.3833E-04  0.2274E-04  0.1221E-04  0.5250E-05  0.2727E-05  0.8816E-05  0.2241E-04  0.1293E-03
      0.900     -7.000      0.000  0.9933E-05  0.6739E-02  0.9933E+00  25.000  1.0000  3.7461  0.1542E-03  0.3881E-04  0.2294E-04  0.1223E-04  0.5292E-05  0.2743E-05  0.8902E-05  0.2262E-04  0.1293E-03
      2.247     -7.000      0.000  0.9933E-05  0.6739E-02  0.9933E+00  25.000  1.0000  3.7384  0.1571E-03  0.3976E-04  0.2320E-04  0.1227E-04  0.5373E-05  0.2775E-05  0.9068E-05  0.2303E-04  0.1293E-03
      5.215     -7.000      0.000  0.9933E-05  0.6737E-02  0.9933E+00  25.000  1.0000  3.7253  0.1608E-03  0.4162E-04  0.2238E-04  0.1233E-04  0.5499E-05  0.2825E-05  0.9323E-05  0.2366E-04  0.1293E-03
     10.790     -7.000      0.000  0.9933E-05  0.6733E-02  0.9933E+00  25.000  1.0000  3.8289  0.1483E-03  0.5198E-04  0.4353E-12  0.1239E-04  0.5596E-05  0.2864E-05  0.9489E-05  0.2415E-04  0.1294E-03
     14.340     -7.000      0.000  0.9933E-05  0.6730E-02  0.9933E+00  25.000  1.0000  3.8527  0.1436E-03  0.5142E-04  0.1500E-12  0.1240E-04  0.5615E-05  0.2872E-05  0.9520E-05  0.2424E-04  0.1295E-03
      0.000     -9.000      0.000  0.6644E-05  0.3356E+00  0.6644E+00  25.000  1.0000  3.7805  0.1499E-03  0.3523E-04  0.2104E-04  0.2030E-04  0.5611E-05  0.5051E-05  0.8171E-05  0.2798E-04  0.1289E-03
      0.254     -9.000      0.000  0.9990E-05  0.9811E-03  0.9990E+00  25.000  1.0000  3.7782  0.1505E-03  0.3550E-04  0.2116E-04  0.2008E-04  0.5615E-05  0.4990E-05  0.8219E-05  0.2790E-04  0.1289E-03
      0.900     -9.000      0.000  0.9990E-05  0.9811E-03  0.9990E+00  25.000  1.0000  3.7707  0.1524E-03  0.3636E-04  0.2151E-04  0.1932E-04  0.5626E-05  0.4783E-05  0.8374E-05  0.2759E-04  0.1289E-03
      2.247     -9.000      0.000  0.9990E-05  0.9810E-03  0.9990E+00  25.000  1.0000  3.7562  0.1559E-03  0.3800E-04  0.2204E-04  0.1782E-04  0.5643E-05  0.4373E-05  0.8672E-05  0.2696E-04  0.1290E-03
      5.215     -9.000      0.000  0.9990E-05  0.9807E-03  0.9990E+00  25.000  1.0000  3.7337  0.1602E-03  0.4089E-04  0.2141E-04  0.1537E-04  0.5660E-05  0.3702E-05  0.9134E-05  0.2588E-04  0.1292E-03
     10.790     -9.000      0.000  0.9990E-05  0.9804E-03  0.9990E+00  25.000  1.0000  3.8565  0.1434E-03  0.5094E-04  0.3677E-12  0.1344E-04  0.5666E-05  0.3170E-05  0.9450E-05  0.2498E-04  0.1294E-03
     14.340     -9.000      0.000  0.9990E-05  0.9800E-03  0.9990E+00  25.000  1.0000  3.8821  0.1384E-03  0.5041E-04  0.1151E-12  0.1304E-04  0.5666E-05  0.3061E-05  0.9508E-05  0.2479E-04  0.1294E-03
      0.000    -11.000      0.000  0.1120E+01  0.0000E+00  0.1000E+01  25.000  0.9999  4.1465  0.1730E-02  0.4809E-04  0.2522E-05  0.1680E-02  0.1380E-03  0.4978E-03  0.1939E-05  0.1452E-02  0.3242E-04
      0.254    -11.000      0.000  0.1120E+01  0.0000E+00  0.1000E+01  25.000  0.9999  4.2148  0.1747E-02  0.4870E-04  0.2338E-05  0.1697E-02  0.1394E-03  0.5029E-03  0.1887E-05  0.1466E-02  0.3143E-04
      0.900    -11.000      0.000  0.1120E+01  0.0000E+00  0.1000E+01  25.000  0.9999  4.4594  0.1802E-02  0.5190E-04  0.1442E-05  0.1755E-02  0.1441E-03  0.5204E-03  0.1626E-05  0.1517E-02  0.2803E-04
      2.247    -11.000      0.000  0.1120E+01  0.0000E+00  0.1000E+01  25.000  0.9999  4.7484  0.1908E-02  0.5297E-04  0.1311E-12  0.1874E-02  0.1533E-03  0.5554E-03  0.7116E-06  0.1617E-02  0.2120E-04
      5.215    -11.000      0.000  0.1120E+01  0.0000E+00  0.1000E+01  25.000  0.9999  6.8847  0.2093E-02  0.4720E-04  0.3388E-15  0.2079E-02  0.1696E-03  0.6161E-03  0.2620E-08  0.1793E-02  0.9257E-05
     10.790    -11.000      0.000  0.1120E+01  0.0000E+00  0.1000E+01  25.000  0.9999  8.1259  0.2207E-02  0.3887E-04  0.5157E-17  0.2205E-02  0.1797E-03  0.6527E-03  0.2434E-07  0.1901E-02  0.1918E-05
     14.340    -11.000      0.000  0.1120E+01  0.0000E+00  0.1000E+01  25.000  0.9999  8.2140  0.2232E-02  0.3724E-04  0.3803E-17  0.2233E-02  0.1819E-03  0.6604E-03  0.2936E-07  0.1925E-02  0.3071E-06
      0.000    -13.000      0.000  0.1315E+01  0.0000E+00  0.1000E+01  25.000  0.9999  5.7288  0.2139E-02  0.4338E-04  0.4146E-07  0.2130E-02  0.1737E-03  0.6303E-03  0.8646E-08  0.1837E-02  0.6293E-05
      0.254    -13.000      0.000  0.1315E+01  0.0000E+00  0.1000E+01  25.000  0.9999  5.8811  0.2143E-02  0.4336E-04  0.2923E-13  0.2135E-02  0.1740E-03  0.6316E-03  0.3793E-08  0.1841E-02  0.6033E-05
      0.900    -13.000      0.000  0.1315E+01  0.0000E+00  0.1000E+01  25.000  0.9999  6.8961  0.2157E-02  0.4286E-04  0.6268E-15  0.2150E-02  0.1752E-03  0.6360E-03  0.2149E-08  0.1853E-02  0.5161E-05
      2.247    -13.000      0.000  0.1315E+01  0.0000E+00  0.1000E+01  25.000  0.9999  7.7013  0.2181E-02  0.4093E-04  0.1297E-16  0.2176E-02  0.1773E-03  0.6438E-03  0.9590E-08  0.1876E-02  0.3630E-05
      5.215    -13.000      0.000  0.1315E+01  0.0000E+00  0.1000E+01  25.000  0.9999  8.0990  0.2213E-02  0.3859E-04  0.4324E-17  0.2212E-02  0.1802E-03  0.6543E-03  0.2280E-07  0.1907E-02  0.1564E-05
     10.790    -13.000      0.000  0.1315E+01  0.0000E+00  0.1000E+01  25.000  0.9999  8.2327  0.2232E-02  0.3734E-04  0.2811E-17  0.2233E-02  0.1819E-03  0.6604E-03  0.3058E-07  0.1925E-02  0.3081E-06
     14.340    -13.000      0.000  0.1315E+01  0.0000E+00  0.1000E+01  25.000  0.9999  8.2510  0.2235E-02  0.3715E-04  0.2637E-17  0.2236E-02  0.1822E-03  0.6614E-03  0.3183E-07  0.1928E-02  0.1112E-06
      0.000    -15.000      0.000  0.1511E+01  0.0000E+00  0.1000E+01  25.000  0.9999  7.9558  0.2220E-02  0.3810E-04  0.4860E-16  0.2220E-02  0.1808E-03  0.6562E-03  0.1424E-07  0.1914E-02  0.1100E-05
      0.254    -15.000      0.000  0.1511E+01  0.0000E+00  0.1000E+01  25.000  0.9999  7.9738  0.2221E-02  0.3805E-04  0.8123E-17  0.2220E-02  0.1809E-03  0.6564E-03  0.1608E-07  0.1914E-02  0.1052E-05
      0.900    -15.000      0.000  0.1511E+01  0.0000E+00  0.1000E+01  25.000  0.9999  8.0287  0.2223E-02  0.3789E-04  0.5798E-17  0.2223E-02  0.1811E-03  0.6572E-03  0.1922E-07  0.1917E-02  0.8961E-06
      2.247    -15.000      0.000  0.1511E+01  0.0000E+00  0.1000E+01  25.000  0.9999  8.1122  0.2227E-02  0.3763E-04  0.4375E-17  0.2228E-02  0.1815E-03  0.6587E-03  0.2331E-07  0.1921E-02  0.6224E-06
      5.215    -15.000      0.000  0.1511E+01  0.0000E+00  0.1000E+01  25.000  0.9999  8.2007  0.2233E-02  0.3731E-04  0.3205E-17  0.2234E-02  0.1819E-03  0.6604E-03  0.2843E-07  0.1926E-02  0.2814E-06
     10.790    -15.000      0.000  0.1511E+01  0.0000E+00  0.1000E+01  25.000  0.9999  8.2127  0.2235E-02  0.3719E-04  0.3126E-17  0.2236E-02  0.1822E-03  0.6612E-03  0.2918E-07  0.1928E-02  0.1148E-06
     14.340    -15.000      0.000  0.1511E+01  0.0000E+00  0.1000E+01  25.000  0.9999  8.2159  0.2235E-02  0.3718E-04  0.3089E-17  0.2237E-02  0.1822E-03  0.6613E-03  0.2939E-07  0.1928E-02  0.1003E-06
      0.000    -17.000      0.000  0.1706E+01  0.0000E+00  0.1000E+01  25.000  0.9999  8.1313  0.2233E-02  0.3732E-04  0.4206E-17  0.2234E-02  0.1820E-03  0.6604E-03  0.2071E-07  0.1926E-02  0.2354E-06
      0.254    -17.000      0.000  0.1706E+01  0.0000E+00  0.1000E+01  25.000  0.9999  8.1357  0.2233E-02  0.3731E-04  0.4120E-17  0.2235E-02  0.1820E-03  0.6604E-03  0.2257E-07  0.1927E-02  0.2276E-06
      0.900    -17.000      0.000  0.1706E+01  0.0000E+00  0.1000E+01  25.000  0.9999  8.1498  0.2234E-02  0.3729E-04  0.3920E-17  0.2235E-02  0.1820E-03  0.6606E-03  0.2499E-07  0.1927E-02  0.2025E-06
      2.247    -17.000      0.000  0.1706E+01  0.0000E+00  0.1000E+01  25.000  0.9999  8.1702  0.2235E-02  0.3725E-04  0.3657E-17  0.2236E-02  0.1821E-03  0.6608E-03  0.2649E-07  0.1928E-02  0.1587E-06
      5.215    -17.000      0.000  0.1706E+01  0.0000E+00  0.1000E+01  25.000  0.9999  8.1960  0.2235E-02  0.3720E-04  0.3338E-17  0.2236E-02  0.1822E-03  0.6611E-03  0.2809E-07  0.1928E-02  0.1147E-06
     10.790    -17.000      0.000  0.1706E+01  0.0000E+00  0.1000E+01  25.000  0.9999  8.2201  0.2235E-02  0.3718E-04  0.3029E-17  0.2237E-02  0.1822E-03  0.6613E-03  0.2967E-07  0.1928E-02  0.1011E-06
     14.340    -17.000      0.000  0.1706E+01  0.0000E+00  0.1000E+01  25.000  0.9999  8.2514  0.2236E-02  0.3715E-04  0.2634E-17  0.2237E-02  0.1822E-03  0.6614E-03  0.3186E-07  0.1928E-02  0.9978E-07
      0.000    -19.000      0.000  0.1902E+01  0.0000E+00  0.1000E+01  25.000  0.9999  8.1512  0.2235E-02  0.3722E-04  0.3925E-17  0.2236E-02  0.1822E-03  0.6610E-03  0.2169E-07  0.1928E-02  0.1159E-06
      0.254    -19.000      0.000  0.1902E+01  0.0000E+00  0.1000E+01  25.000  0.9999  8.1543  0.2235E-02  0.3722E-04  0.3877E-17  0.2236E-02  0.1822E-03  0.6610E-03  0.2351E-07  0.1928E-02  0.1148E-06
      0.900    -19.000      0.000  0.1902E+01  0.0000E+00  0.1000E+01  25.000  0.9999  8.1646  0.2235E-02  0.3721E-04  0.3730E-17  0.2237E-02  0.1822E-03  0.6610E-03  0.2582E-07  0.1928E-02  0.1116E-06
      2.247    -19.000      0.000  0.1902E+01  0.0000E+00  0.1000E+01  25.000  0.9999  8.1792  0.2235E-02  0.3720E-04  0.3542E-17  0.2237E-02  0.1822E-03  0.6611E-03  0.2702E-07  0.1928E-02  0.1060E-06
      5.215    -19.000      0.000  0.1902E+01  0.0000E+00  0.1000E+01  25.000  0.9999  8.2001  0.2235E-02  0.3719E-04  0.3282E-17  0.2237E-02  0.1822E-03  0.6612E-03  0.2835E-07  0.1928E-02  0.1011E-06
     10.790    -19.000      0.000  0.1902E+01  0.0000E+00  0.1000E+01  25.000  0.9999  8.2233  0.2236E-02  0.3717E-04  0.2986E-17  0.2237E-02  0.1822E-03  0.6613E-03  0.2989E-07  0.1928E-02  0.9983E-07
     14.340    -19.000      0.000  0.1902E+01  0.0000E+00  0.1000E+01  25.000  0.9999  8.2514  0.2236E-02  0.3715E-04  0.2633E-17  0.2237E-02  0.1822E-03  0.6614E-03  0.3186E-07  0.1928E-02  0.9971E-07
      0.000    -20.000      0.000  0.2000E+01  0.0000E+00  0.1000E+01  25.000  0.9999  6.5815  0.2235E-02  0.3717E-04  0.2455E-15  0.2237E-02  0.1822E-03  0.6597E-03  0.8205E-13  0.1929E-02  0.9972E-07
      0.254    -20.000      0.000  0.2000E+01  0.0000E+00  0.1000E+01  25.000  0.9999  6.5815  0.2235E-02  0.3717E-04  0.2455E-15  0.2237E-02  0.1822E-03  0.6597E-03  0.8205E-13  0.1929E-02  0.9972E-07
      0.900    -20.000      0.000  0.2000E+01  0.0000E+00  0.1000E+01  25.000  0.9999  6.5815  0.2235E-02  0.3717E-04  0.2455E-15  0.2237E-02  0.1822E-03  0.6597E-03  0.8205E-13  0.1929E-02  0.9972E-07
      2.247    -20.000      0.000  0.2000E+01  0.0000E+00  0.1000E+01  25.000  0.9999  6.5815  0.2235E-02  0.3717E-04  0.2455E-15  0.2237E-02  0.1822E-03  0.6597E-03  0.8205E-13  0.1929E-02  0.9972E-07
      5.215    -20.000      0.000  0.2000E+01  0.0000E+00  0.1000E+01  25.000  0.9999  6.5815  0.2235E-02  0.3717E-04  0.2455E-15  0.2237E-02  0.1822E-03  0.6597E-03  0.8205E-13  0.1929E-02  0.9972E-07
     10.790    -20.000      0.000  0.2000E+01  0.0000E+00  0.1000E+01  25.000  0.9999  6.5815  0.2235E-02  0.3717E-04  0.2455E-15  0.2237E-02  0.1822E-03  0.6597E-03  0.8205E-13  0.1929E-02  0.9972E-07
     14.340    -20.000      0.000  0.2000E+01  0.0000E+00  0.1000E+01  25.000  0.9999  6.5815  0.2235E-02  0.3717E-04  0.2455E-15  0.2237E-02  0.1822E-03  0.6597E-03  0.8205E-13  0.1929E-02  0.9972E-07
ZONE T= "0.100000E+01 yr"  F=POINT
      0.000     -0.000      0.000  0.2932E-06  0.9707E+00  0.2932E-01  25.000  1.0000  7.0000  0.1037E-11  0.7326E-12  0.1030E-11  0.1007E-04  0.1007E-05  0.1037E-05  0.8069E-17  0.9972E-06  0.1296E-03
      0.000     -1.000      0.000  0.2692E-05  0.7308E+00  0.2692E+00  25.000  1.0000  3.7720  0.1449E-03  0.3642E-04  0.2163E-04  0.1209E-04  0.5032E-05  0.2639E-05  0.8360E-05  0.2131E-04  0.1293E-03
      0.254     -1.000      0.000  0.9760E-05  0.2395E-01  0.9760E+00  25.000  1.0000  3.7660  0.1471E-03  0.3698E-04  0.2195E-04  0.1212E-04  0.5091E-05  0.2662E-05  0.8482E-05  0.2160E-04  0.1293E-03
      0.900     -1.000      0.000  0.9760E-05  0.2395E-01  0.9760E+00  25.000  1.0000  3.7471  0.1540E-03  0.3881E-04  0.2298E-04  0.1222E-04  0.5283E-05  0.2739E-05  0.8880E-05  0.2257E-04  0.1293E-03
      2.247     -1.000      0.000  0.9760E-05  0.2396E-01  0.9760E+00  25.000  1.0000  3.7140  0.1668E-03  0.4218E-04  0.2490E-04  0.1240E-04  0.5641E-05  0.2881E-05  0.9624E-05  0.2438E-04  0.1293E-03
      5.215     -1.000      0.000  0.9760E-05  0.2396E-01  0.9760E+00  25.000  1.0000  3.6703  0.1856E-03  0.4704E-04  0.2770E-04  0.1266E-04  0.6161E-05  0.3088E-05  0.1071E-04  0.2700E-04  0.1292E-03
     10.790     -1.000      0.000  0.9760E-05  0.2398E-01  0.9760E+00  25.000  1.0000  3.6422  0.1988E-03  0.5041E-04  0.2967E-04  0.1284E-04  0.6528E-05  0.3233E-05  0.1150E-04  0.2886E-04  0.1292E-03
     14.340     -1.000      0.000  0.9760E-05  0.2399E-01  0.9760E+00  25.000  1.0000  3.6362  0.2017E-03  0.5116E-04  0.3011E-04  0.1288E-04  0.6610E-05  0.3266E-05  0.1168E-04  0.2927E-04  0.1292E-03
      0.000     -3.000      0.000  0.2578E-05  0.7422E+00  0.2578E+00  25.000  1.0000  3.6711  0.1849E-03  0.4648E-04  0.2760E-04  0.1265E-04  0.6143E-05  0.3080E-05  0.1070E-04  0.2691E-04  0.1292E-03
      0.254     -3.000      0.000  0.9832E-05  0.1680E-01  0.9832E+00  25.000  1.0000  3.6699  0.1855E-03  0.4665E-04  0.2768E-04  0.1266E-04  0.6159E-05  0.3086E-05  0.1073E-04  0.2699E-04  0.1292E-03
      0.900     -3.000      0.000  0.9832E-05  0.1680E-01  0.9832E+00  25.000  1.0000  3.6661  0.1873E-03  0.4718E-04  0.2795E-04  0.1268E-04  0.6208E-05  0.3106E-05  0.1083E-04  0.2724E-04  0.1292E-03
      2.247     -3.000      0.000  0.9832E-05  0.1680E-01  0.9832E+00  25.000  1.0000  3.6588  0.1907E-03  0.4819E-04  0.2847E-04  0.1273E-04  0.6305E-05  0.3145E-05  0.1103E-04  0.2773E-04  0.1292E-03
      5.215     -3.000      0.000  0.9832E-05  0.1681E-01  0.9832E+00  25.000  1.0000  3.6472  0.1963E-03  0.4973E-04  0.2930E-04  0.1281E-04  0.6459E-05  0.3206E-05  0.1136E-04  0.2851E-04  0.1292E-03
     10.790     -3.000      0.000  0.9832E-05  0.1681E-01  0.9832E+00  25.000  1.0000  3.6379  0.2009E-03  0.5094E-04  0.2998E-04  0.1287E-04  0.6586E-05  0.3257E-05  0.1163E-04  0.2915E-04  0.1292E-03
     14.340     -3.000      0.000  0.9832E-05  0.1681E-01  0.9832E+00  25.000  1.0000  3.6357  0.2020E-03  0.5122E-04  0.3015E-04  0.1289E-04  0.6617E-05  0.3269E-05  0.1169E-04  0.2930E-04  0.1292E-03
      0.000     -5.000      0.000  0.2644E-05  0.7356E+00  0.2644E+00  25.000  1.0000  3.6630  0.1886E-03  0.4739E-04  0.2815E-04  0.1270E-04  0.6245E-05  0.3121E-05  0.1092E-04  0.2743E-04  0.1292E-03
      0.254     -5.000      0.000  0.9884E-05  0.1160E-01  0.9884E+00  25.000  1.0000  3.6622  0.1890E-03  0.4753E-04  0.2821E-04  0.1271E-04  0.6256E-05  0.3125E-05  0.1094E-04  0.2749E-04  0.1292E-03
      0.900     -5.000      0.000  0.9884E-05  0.1160E-01  0.9884E+00  25.000  1.0000  3.6595  0.1903E-03  0.4794E-04  0.2840E-04  0.1272E-04  0.6293E-05  0.3140E-05  0.1102E-04  0.2767E-04  0.1292E-03
      2.247     -5.000      0.000  0.9884E-05  0.1160E-01  0.9884E+00  25.000  1.0000  3.6541  0.1929E-03  0.4873E-04  0.2879E-04  0.1276E-04  0.6365E-05  0.3169E-05  0.1117E-04  0.2803E-04  0.1292E-03
      5.215     -5.000      0.000  0.9884E-05  0.1160E-01  0.9884E+00  25.000  1.0000  3.6452  0.1973E-03  0.4997E-04  0.2944E-04  0.1282E-04  0.6486E-05  0.3217E-05  0.1141E-04  0.2864E-04  0.1292E-03
     10.790     -5.000      0.000  0.9884E-05  0.1160E-01  0.9884E+00  25.000  1.0000  3.6375  0.2011E-03  0.5099E-04  0.3001E-04  0.1287E-04  0.6592E-05  0.3259E-05  0.1164E-04  0.2918E-04  0.1292E-03
     14.340     -5.000      0.000  0.9884E-05  0.1160E-01  0.9884E+00  25.000  1.0000  3.6357  0.2020E-03  0.5122E-04  0.3015E-04  0.1289E-04  0.6617E-05  0.3269E-05  0.1169E-04  0.2931E-04  0.1292E-03
      0.000     -7.000      0.000  0.3290E-05  0.6710E+00  0.3290E+00  25.000  1.0000  3.6655  0.1865E-03  0.4713E-04  0.2702E-04  0.1269E-04  0.6206E-05  0.3107E-05  0.1083E-04  0.2723E-04  0.1292E-03
      0.254     -7.000      0.000  0.9933E-05  0.6740E-02  0.9933E+00  25.000  1.0000  3.6645  0.1869E-03  0.4729E-04  0.2707E-04  0.1269E-04  0.6219E-05  0.3112E-05  0.1086E-04  0.2730E-04  0.1292E-03
      0.900     -7.000      0.000  0.9933E-05  0.6740E-02  0.9933E+00  25.000  1.0000  3.6614  0.1883E-03  0.4779E-04  0.2716E-04  0.1271E-04  0.6262E-05  0.3129E-05  0.1095E-04  0.2752E-04  0.1292E-03
      2.247     -7.000      0.000  0.9933E-05  0.6739E-02  0.9933E+00  25.000  1.0000  3.6556  0.1907E-03  0.4887E-04  0.2692E-04  0.1276E-04  0.6346E-05  0.3162E-05  0.1111E-04  0.2794E-04  0.1292E-03
      5.215     -7.000      0.000  0.9933E-05  0.6737E-02  0.9933E+00  25.000  1.0000  3.7507  0.1914E-03  0.5282E-04  0.2401E-04  0.1283E-04  0.6482E-05  0.3217E-05  0.1136E-04  0.2862E-04  0.1293E-03
     10.790     -7.000      0.000  0.9933E-05  0.6734E-02  0.9933E+00  25.000  1.0000  3.8766  0.1560E-03  0.6343E-04  0.4444E-12  0.1290E-04  0.6604E-05  0.3266E-05  0.1156E-04  0.2923E-04  0.1295E-03
     14.340     -7.000      0.000  0.9933E-05  0.6730E-02  0.9933E+00  25.000  1.0000  3.9265  0.1481E-03  0.6303E-04  0.1492E-12  0.1292E-04  0.6633E-05  0.3278E-05  0.1160E-04  0.2937E-04  0.1295E-03
      0.000     -9.000      0.000  0.6644E-05  0.3356E+00  0.6644E+00  25.000  1.0000  3.6922  0.1834E-03  0.4390E-04  0.2520E-04  0.2139E-04  0.6597E-05  0.5609E-05  0.1014E-04  0.3324E-04  0.1287E-03
      0.254     -9.000      0.000  0.9990E-05  0.9811E-03  0.9990E+00  25.000  1.0000  3.6904  0.1840E-03  0.4419E-04  0.2529E-04  0.2118E-04  0.6602E-05  0.5552E-05  0.1019E-04  0.3317E-04  0.1287E-03
      0.900     -9.000      0.000  0.9990E-05  0.9811E-03  0.9990E+00  25.000  1.0000  3.6847  0.1858E-03  0.4517E-04  0.2551E-04  0.2046E-04  0.6617E-05  0.5356E-05  0.1034E-04  0.3289E-04  0.1288E-03
      2.247     -9.000      0.000  0.9990E-05  0.9810E-03  0.9990E+00  25.000  1.0000  3.6747  0.1886E-03  0.4747E-04  0.2543E-04  0.1901E-04  0.6642E-05  0.4961E-05  0.1064E-04  0.3233E-04  0.1289E-03
      5.215     -9.000      0.000  0.9990E-05  0.9807E-03  0.9990E+00  25.000  1.0000  3.7594  0.1887E-03  0.5641E-04  0.2101E-04  0.1656E-04  0.6677E-05  0.4294E-05  0.1111E-04  0.3133E-04  0.1291E-03
     10.790     -9.000      0.000  0.9990E-05  0.9804E-03  0.9990E+00  25.000  1.0000  3.9185  0.1486E-03  0.6129E-04  0.3481E-12  0.1430E-04  0.6694E-05  0.3675E-05  0.1150E-04  0.3033E-04  0.1294E-03
     14.340     -9.000      0.000  0.9990E-05  0.9800E-03  0.9990E+00  25.000  1.0000  3.9757  0.1401E-03  0.6094E-04  0.9303E-13  0.1372E-04  0.6695E-05  0.3514E-05  0.1158E-04  0.3005E-04  0.1295E-03
      0.000    -11.000      0.000  0.1120E+01  0.0000E+00  0.1000E+01  25.000  0.9999  4.1134  0.1691E-02  0.5371E-04  0.3419E-05  0.1629E-02  0.1342E-03  0.4831E-03  0.2548E-05  0.1409E-02  0.3535E-04
      0.254    -11.000      0.000  0.1120E+01  0.0000E+00  0.1000E+01  25.000  0.9999  4.1784  0.1707E-02  0.5428E-04  0.3193E-05  0.1646E-02  0.1356E-03  0.4881E-03  0.2484E-05  0.1424E-02  0.3437E-04
      0.900    -11.000      0.000  0.1120E+01  0.0000E+00  0.1000E+01  25.000  0.9999  4.3992  0.1762E-02  0.5719E-04  0.2146E-05  0.1704E-02  0.1403E-03  0.5055E-03  0.2183E-05  0.1474E-02  0.3099E-04
      2.247    -11.000      0.000  0.1120E+01  0.0000E+00  0.1000E+01  25.000  0.9999  4.6675  0.1868E-02  0.5765E-04  0.1839E-12  0.1825E-02  0.1497E-03  0.5414E-03  0.1178E-05  0.1577E-02  0.2399E-04
      5.215    -11.000      0.000  0.1120E+01  0.0000E+00  0.1000E+01  25.000  0.9999  6.8504  0.2067E-02  0.5016E-04  0.3723E-15  0.2050E-02  0.1673E-03  0.6079E-03  0.2812E-08  0.1768E-02  0.1096E-04
     10.790    -11.000      0.000  0.1120E+01  0.0000E+00  0.1000E+01  25.000  0.9999  8.1779  0.2194E-02  0.3983E-04  0.3449E-17  0.2191E-02  0.1785E-03  0.6490E-03  0.2756E-07  0.1889E-02  0.2763E-05
     14.340    -11.000      0.000  0.1120E+01  0.0000E+00  0.1000E+01  25.000  0.9999  8.2813  0.2230E-02  0.3727E-04  0.2490E-17  0.2231E-02  0.1817E-03  0.6602E-03  0.3426E-07  0.1923E-02  0.4342E-06
      0.000    -13.000      0.000  0.1315E+01  0.0000E+00  0.1000E+01  25.000  0.9999  5.6392  0.2122E-02  0.4549E-04  0.5306E-07  0.2110E-02  0.1721E-03  0.6245E-03  0.1256E-07  0.1819E-02  0.7491E-05
      0.254    -13.000      0.000  0.1315E+01  0.0000E+00  0.1000E+01  25.000  0.9999  5.7783  0.2126E-02  0.4544E-04  0.3866E-13  0.2115E-02  0.1725E-03  0.6260E-03  0.5197E-08  0.1823E-02  0.7201E-05
      0.900    -13.000      0.000  0.1315E+01  0.0000E+00  0.1000E+01  25.000  0.9999  6.8485  0.2141E-02  0.4479E-04  0.7591E-15  0.2132E-02  0.1738E-03  0.6310E-03  0.2055E-08  0.1838E-02  0.6214E-05
      2.247    -13.000      0.000  0.1315E+01  0.0000E+00  0.1000E+01  25.000  0.9999  7.7146  0.2171E-02  0.4198E-04  0.1141E-16  0.2164E-02  0.1764E-03  0.6407E-03  0.9928E-08  0.1866E-02  0.4302E-05
      5.215    -13.000      0.000  0.1315E+01  0.0000E+00  0.1000E+01  25.000  0.9999  8.1297  0.2206E-02  0.3910E-04  0.3654E-17  0.2204E-02  0.1796E-03  0.6524E-03  0.2451E-07  0.1900E-02  0.1997E-05
     10.790    -13.000      0.000  0.1315E+01  0.0000E+00  0.1000E+01  25.000  0.9999  8.2927  0.2230E-02  0.3741E-04  0.2117E-17  0.2230E-02  0.1817E-03  0.6600E-03  0.3510E-07  0.1923E-02  0.4642E-06
     14.340    -13.000      0.000  0.1315E+01  0.0000E+00  0.1000E+01  25.000  0.9999  8.3177  0.2235E-02  0.3707E-04  0.1940E-17  0.2236E-02  0.1821E-03  0.6617E-03  0.3707E-07  0.1928E-02  0.1258E-06
      0.000    -15.000      0.000  0.1511E+01  0.0000E+00  0.1000E+01  25.000  0.9999  7.9964  0.2215E-02  0.3843E-04  0.4261E-16  0.2214E-02  0.1804E-03  0.6550E-03  0.1589E-07  0.1909E-02  0.1400E-05
      0.254    -15.000      0.000  0.1511E+01  0.0000E+00  0.1000E+01  25.000  0.9999  8.0153  0.2216E-02  0.3837E-04  0.6555E-17  0.2215E-02  0.1805E-03  0.6552E-03  0.1777E-07  0.1910E-02  0.1345E-05
      0.900    -15.000      0.000  0.1511E+01  0.0000E+00  0.1000E+01  25.000  0.9999  8.0730  0.2219E-02  0.3818E-04  0.4523E-17  0.2218E-02  0.1807E-03  0.6562E-03  0.2128E-07  0.1913E-02  0.1170E-05
      2.247    -15.000      0.000  0.1511E+01  0.0000E+00  0.1000E+01  25.000  0.9999  8.1607  0.2224E-02  0.3783E-04  0.3411E-17  0.2224E-02  0.1811E-03  0.6579E-03  0.2606E-07  0.1917E-02  0.8492E-06
      5.215    -15.000      0.000  0.1511E+01  0.0000E+00  0.1000E+01  25.000  0.9999  8.2553  0.2231E-02  0.3736E-04  0.2473E-17  0.2231E-02  0.1817E-03  0.6602E-03  0.3222E-07  0.1924E-02  0.4064E-06
     10.790    -15.000      0.000  0.1511E+01  0.0000E+00  0.1000E+01  25.000  0.9999  8.2859  0.2235E-02  0.3713E-04  0.2241E-17  0.2236E-02  0.1821E-03  0.6614E-03  0.3447E-07  0.1928E-02  0.1388E-06
     14.340    -15.000      0.000  0.1511E+01  0.0000E+00  0.1000E+01  25.000  0.9999  8.2919  0.2235E-02  0.3709E-04  0.2189E-17  0.2237E-02  0.1822E-03  0.6616E-03  0.3494E-07  0.1928E-02  0.1017E-06
      0.000    -17.000      0.000  0.1706E+01  0.0000E+00  0.1000E+01  25.000  0.9999  8.1919  0.2232E-02  0.3735E-04  0.3215E-17  0.2233E-02  0.1819E-03  0.6603E-03  0.2398E-07  0.1925E-02  0.3023E-06
      0.254    -17.000      0.000  0.1706E+01  0.0000E+00  0.1000E+01  25.000  0.9999  8.1957  0.2232E-02  0.3734E-04  0.3154E-17  0.2233E-02  0.1819E-03  0.6604E-03  0.2589E-07  0.1926E-02  0.2919E-06
      0.900    -17.000      0.000  0.1706E+01  0.0000E+00  0.1000E+01  25.000  0.9999  8.2077  0.2233E-02  0.3730E-04  0.3028E-17  0.2234E-02  0.1820E-03  0.6606E-03  0.2848E-07  0.1926E-02  0.2576E-06
      2.247    -17.000      0.000  0.1706E+01  0.0000E+00  0.1000E+01  25.000  0.9999  8.2266  0.2234E-02  0.3723E-04  0.2844E-17  0.2235E-02  0.1820E-03  0.6609E-03  0.3011E-07  0.1927E-02  0.1967E-06
      5.215    -17.000      0.000  0.1706E+01  0.0000E+00  0.1000E+01  25.000  0.9999  8.2558  0.2235E-02  0.3716E-04  0.2549E-17  0.2236E-02  0.1821E-03  0.6613E-03  0.3219E-07  0.1928E-02  0.1292E-06
     10.790    -17.000      0.000  0.1706E+01  0.0000E+00  0.1000E+01  25.000  0.9999  8.2931  0.2235E-02  0.3709E-04  0.2172E-17  0.2237E-02  0.1822E-03  0.6616E-03  0.3503E-07  0.1928E-02  0.1032E-06
     14.340    -17.000      0.000  0.1706E+01  0.0000E+00  0.1000E+01  25.000  0.9999  8.3177  0.2236E-02  0.3705E-04  0.1941E-17  0.2237E-02  0.1822E-03  0.6618E-03  0.3707E-07  0.1928E-02  0.9989E-07
      0.000    -19.000      0.000  0.1902E+01  0.0000E+00  0.1000E+01  25.000  0.9999  8.2191  0.2235E-02  0.3718E-04  0.2921E-17  0.2236E-02  0.1821E-03  0.6612E-03  0.2556E-07  0.1928E-02  0.1274E-06
      0.254    -19.000      0.000  0.1902E+01  0.0000E+00  0.1000E+01  25.000  0.9999  8.2217  0.2235E-02  0.3718E-04  0.2890E-17  0.2236E-02  0.1821E-03  0.6612E-03  0.2743E-07  0.1928E-02  0.1258E-06
      0.900    -19.000      0.000  0.1902E+01  0.0000E+00  0.1000E+01  25.000  0.9999  8.2307  0.2235E-02  0.3717E-04  0.2792E-17  0.2236E-02  0.1821E-03  0.6612E-03  0.2996E-07  0.1928E-02  0.1208E-06
      2.247    -19.000      0.000  0.1902E+01  0.0000E+00  0.1000E+01  25.000  0.9999  8.2463  0.2235E-02  0.3715E-04  0.2632E-17  0.2236E-02  0.1822E-03  0.6614E-03  0.3147E-07  0.1928E-02  0.1124E-06
      5.215    -19.000      0.000  0.1902E+01  0.0000E+00  0.1000E+01  25.000  0.9999  8.2676  0.2235E-02  0.3712E-04  0.2423E-17  0.2237E-02  0.1822E-03  0.6615E-03  0.3306E-07  0.1928E-02  0.1032E-06
     10.790    -19.000      0.000  0.1902E+01  0.0000E+00  0.1000E+01  25.000  0.9999  8.2960  0.2236E-02  0.3709E-04  0.2144E-17  0.2237E-02  0.1822E-03  0.6617E-03  0.3527E-07  0.1928E-02  0.1001E-06
     14.340    -19.000      0.000  0.1902E+01  0.0000E+00  0.1000E+01  25.000  0.9999  8.3179  0.2236E-02  0.3705E-04  0.1940E-17  0.2237E-02  0.1822E-03  0.6618E-03  0.3708E-07  0.1928E-02  0.9972E-07
      0.000    -20.000      0.000  0.2000E+01  0.0000E+00  0.1000E+01  25.000  0.9999  6.5815  0.2235E-02  0.3717E-04  0.2455E-15  0.2237E-02  0.1822E-03  0.6597E-03  0.8205E-13  0.1929E-02  0.9972E-07
      0.254    -20.000      0.000  0.2000E+01  0.0000E+00  0.1000E+01  25.000  0.9999  6.5815  0.2235E-02  0.3717E-04  0.2455E-15  0.2237E-02  0.1822E-03  0.6597E-03  0.8205E-13  0.1929E-02  0.9972E-07
      0.900    -20.000      0.000  0.2000E+01  0.0000E+00  0.1000E+01  25.000  0.9999  6.5815  0.2235E-02  0.3717E-04  0.2455E-15  0.2237E-02  0.1822E-03  0.6597E-03  0.8205E-13  0.1929E-02  0.9972E-07
      2.247    -20.000      0.000  0.2000E+01  0.0000E+00  0.1000E+01  25.000  0.9999  6.5815  0.2235E-02  0.3717E-04  0.2455E-15  0.2237E-02  0.1822E-03  0.6597E-03  0.8205E-13  0.1929E-02  0.9972E-07
      5.215    -20.000      0.000  0.2000E+01  0.0000E+00  0.1000E+01  25.000  0.9999  6.5815  0.2235E-02  0.3717E-04  0.2455E-15  0.2237E-02  0.1822E-03  0.6597E-03  0.8205E-13  0.1929E-02  0.9972E-07
     10.790    -20.000      0.000  0.2000E+01  0.0000E+00  0.1000E+01  25.000  0.9999  6.5815  0.2235E-02  0.3717E-04  0.2455E-15  0.2237E-02  0.1822E-03  0.6597E-03  0.8205E-13  0.1929E-02  0.9972E-07
     14.340    -20.000      0.000  0.2000E+01  0.0000E+00  0.1000E+01  25.000  0.9999  6.5815  0.2235E-02  0.3717E-04  0.2455E-15  0.2237E-02  0.1822E-03  0.6597E-03  0.8205E-13  0.1929E-02  0.9972E-07
