INCON -- INITIAL CONDITIONS FOR   78 ELEMENTS AT TIME  0.315569E+08
TOP 0           0.90000000E+00 0.60260000E-10 0.60260000E-10 0.60260000E-10
 0.2932202937900E-01 0.2500000000000E+02
    1           0.50000000E+00 0.10000000E-11 0.10000000E-11 0.10000000E-11
 0.2692117079570E+00 0.2500000000000E+02
2   1           0.80000000E-01 0.10000000E-15 0.10000000E-15 0.10000000E-15
 0.9760466720357E+00 0.2500000000000E+02
3   1           0.80000000E-01 0.10000000E-15 0.10000000E-15 0.10000000E-15
 0.9760451514848E+00 0.2500000000000E+02
4   1           0.80000000E-01 0.10000000E-15 0.10000000E-15 0.10000000E-15
 0.9760418712457E+00 0.2500000000000E+02
5   1           0.80000000E-01 0.10000000E-15 0.10000000E-15 0.10000000E-15
 0.9760351698849E+00 0.2500000000000E+02
6   1           0.80000000E-01 0.10000000E-15 0.10000000E-15 0.10000000E-15
 0.9760236436096E+00 0.2500000000000E+02
7   1           0.80000000E-01 0.10000000E-15 0.10000000E-15 0.10000000E-15
 0.9760113472642E+00 0.2500000000000E+02
    2           0.50000000E+00 0.10000000E-11 0.10000000E-11 0.10000000E-11
 0.2577514536003E+00 0.2500000000000E+02
2   2           0.80000000E-01 0.10000000E-15 0.10000000E-15 0.10000000E-15
 0.9831961062678E+00 0.2500000000000E+02
3   2           0.80000000E-01 0.10000000E-15 0.10000000E-15 0.10000000E-15
 0.9831958195864E+00 0.2500000000000E+02
4   2           0.80000000E-01 0.10000000E-15 0.10000000E-15 0.10000000E-15
 0.9831952009331E+00 0.2500000000000E+02
5   2           0.80000000E-01 0.10000000E-15 0.10000000E-15 0.10000000E-15
 0.9831939362286E+00 0.2500000000000E+02
6   2           0.80000000E-01 0.10000000E-15 0.10000000E-15 0.10000000E-15
 0.9831917581113E+00 0.2500000000000E+02
7   2           0.80000000E-01 0.10000000E-15 0.10000000E-15 0.10000000E-15
 0.9831894303958E+00 0.2500000000000E+02
    3           0.50000000E+00 0.10000000E-11 0.10000000E-11 0.10000000E-11
 0.2643838124605E+00 0.2500000000000E+02
2   3           0.80000000E-01 0.10000000E-15 0.10000000E-15 0.10000000E-15
 0.9883998359060E+00 0.2500000000000E+02
3   3           0.80000000E-01 0.10000000E-15 0.10000000E-15 0.10000000E-15
 0.9883998089357E+00 0.2500000000000E+02
4   3           0.80000000E-01 0.10000000E-15 0.10000000E-15 0.10000000E-15
 0.9883997508248E+00 0.2500000000000E+02
5   3           0.80000000E-01 0.10000000E-15 0.10000000E-15 0.10000000E-15
 0.9883996323990E+00 0.2500000000000E+02
6   3           0.80000000E-01 0.10000000E-15 0.10000000E-15 0.10000000E-15
 0.9883994297006E+00 0.2500000000000E+02
7   3           0.80000000E-01 0.10000000E-15 0.10000000E-15 0.10000000E-15
 0.9883992149086E+00 0.2500000000000E+02
    4           0.50000000E+00 0.10000000E-11 0.10000000E-11 0.10000000E-11
 0.3289818039140E+00 0.2500000000000E+02
2   4           0.80000000E-01 0.10000000E-15 0.10000000E-15 0.10000000E-15
 0.9932595491885E+00 0.2500000000000E+02
3   4           0.80000000E-01 0.10000000E-15 0.10000000E-15 0.10000000E-15
 0.9932599804342E+00 0.2500000000000E+02
4   4           0.80000000E-01 0.10000000E-15 0.10000000E-15 0.10000000E-15
 0.9932609105937E+00 0.2500000000000E+02
5   4           0.80000000E-01 0.10000000E-15 0.10000000E-15 0.10000000E-15
 0.9932628102110E+00 0.2500000000000E+02
6   4           0.80000000E-01 0.10000000E-15 0.10000000E-15 0.10000000E-15
 0.9932660754375E+00 0.2500000000000E+02
7   4           0.80000000E-01 0.10000000E-15 0.10000000E-15 0.10000000E-15
 0.9932695557905E+00 0.2500000000000E+02
    5           0.50000000E+00 0.10000000E-11 0.10000000E-11 0.10000000E-11
 0.6643820293244E+00 0.2500000000000E+02
2   5           0.80000000E-01 0.10000000E-15 0.10000000E-15 0.10000000E-15
 0.9990188945680E+00 0.2500000000000E+02
3   5           0.80000000E-01 0.10000000E-15 0.10000000E-15 0.10000000E-15
 0.9990189418949E+00 0.2500000000000E+02
4   5           0.80000000E-01 0.10000000E-15 0.10000000E-15 0.10000000E-15
 0.9990190439926E+00 0.2500000000000E+02
5   5           0.80000000E-01 0.10000000E-15 0.10000000E-15 0.10000000E-15
 0.9990192525749E+00 0.2500000000000E+02
6   5           0.80000000E-01 0.10000000E-15 0.10000000E-15 0.10000000E-15
 0.9990196113410E+00 0.2500000000000E+02
7   5           0.80000000E-01 0.10000000E-15 0.10000000E-15 0.10000000E-15
 0.9990199940748E+00 0.2500000000000E+02
    6           0.50000000E+00 0.10000000E-11 0.10000000E-11 0.10000000E-11
 0.1119527932387E+06 0.2500000000000E+02
2   6           0.80000000E-01 0.10000000E-15 0.10000000E-15 0.10000000E-15
 0.1119527948622E+06 0.2500000000000E+02
3   6           0.80000000E-01 0.10000000E-15 0.10000000E-15 0.10000000E-15
 0.1119528005797E+06 0.2500000000000E+02
4   6           0.80000000E-01 0.10000000E-15 0.10000000E-15 0.10000000E-15
 0.1119528130189E+06 0.2500000000000E+02
5   6           0.80000000E-01 0.10000000E-15 0.10000000E-15 0.10000000E-15
 0.1119528388596E+06 0.2500000000000E+02
6   6           0.80000000E-01 0.10000000E-15 0.10000000E-15 0.10000000E-15
 0.1119528847668E+06 0.2500000000000E+02
7   6           0.80000000E-01 0.10000000E-15 0.10000000E-15 0.10000000E-15
 0.1119529358665E+06 0.2500000000000E+02
    7           0.50000000E+00 0.10000000E-11 0.10000000E-11 0.10000000E-11
 0.1315163641783E+06 0.2500000000000E+02
2   7           0.80000000E-01 0.10000000E-15 0.10000000E-15 0.10000000E-15
 0.1315163641817E+06 0.2500000000000E+02
3   7           0.80000000E-01 0.10000000E-15 0.10000000E-15 0.10000000E-15
 0.1315163641937E+06 0.2500000000000E+02
4   7           0.80000000E-01 0.10000000E-15 0.10000000E-15 0.10000000E-15
 0.1315163642211E+06 0.2500000000000E+02
5   7           0.80000000E-01 0.10000000E-15 0.10000000E-15 0.10000000E-15
 0.1315163642823E+06 0.2500000000000E+02
6   7           0.80000000E-01 0.10000000E-15 0.10000000E-15 0.10000000E-15
 0.1315163644060E+06 0.2500000000000E+02
7   7           0.80000000E-01 0.10000000E-15 0.10000000E-15 0.10000000E-15
 0.1315163645658E+06 0.2500000000000E+02
    8           0.50000000E+00 0.10000000E-11 0.10000000E-11 0.10000000E-11
 0.1510801072253E+06 0.2500000000000E+02
2   8           0.80000000E-01 0.10000000E-15 0.10000000E-15 0.10000000E-15
 0.1510801072253E+06 0.2500000000000E+02
3   8           0.80000000E-01 0.10000000E-15 0.10000000E-15 0.10000000E-15
 0.1510801072254E+06 0.2500000000000E+02
4   8           0.80000000E-01 0.10000000E-15 0.10000000E-15 0.10000000E-15
 0.1510801072254E+06 0.2500000000000E+02
5   8           0.80000000E-01 0.10000000E-15 0.10000000E-15 0.10000000E-15
 0.1510801072256E+06 0.2500000000000E+02
6   8           0.80000000E-01 0.10000000E-15 0.10000000E-15 0.10000000E-15
 0.1510801072259E+06 0.2500000000000E+02
7   8           0.80000000E-01 0.10000000E-15 0.10000000E-15 0.10000000E-15
 0.1510801072263E+06 0.2500000000000E+02
    9           0.50000000E+00 0.10000000E-11 0.10000000E-11 0.10000000E-11
 0.1706440223912E+06 0.2500000000000E+02
2   9           0.80000000E-01 0.10000000E-15 0.10000000E-15 0.10000000E-15
 0.1706440223912E+06 0.2500000000000E+02
3   9           0.80000000E-01 0.10000000E-15 0.10000000E-15 0.10000000E-15
 0.1706440223912E+06 0.2500000000000E+02
4   9           0.80000000E-01 0.10000000E-15 0.10000000E-15 0.10000000E-15
 0.1706440223912E+06 0.2500000000000E+02
5   9           0.80000000E-01 0.10000000E-15 0.10000000E-15 0.10000000E-15
 0.1706440223912E+06 0.2500000000000E+02
6   9           0.80000000E-01 0.10000000E-15 0.10000000E-15 0.10000000E-15
 0.1706440223912E+06 0.2500000000000E+02
7   9           0.80000000E-01 0.10000000E-15 0.10000000E-15 0.10000000E-15
 0.1706440223912E+06 0.2500000000000E+02
   10           0.50000000E+00 0.10000000E-11 0.10000000E-11 0.10000000E-11
 0.1902081096789E+06 0.2500000000000E+02
2  10           0.80000000E-01 0.10000000E-15 0.10000000E-15 0.10000000E-15
 0.1902081096789E+06 0.2500000000000E+02
3  10           0.80000000E-01 0.10000000E-15 0.10000000E-15 0.10000000E-15
 0.1902081096789E+06 0.2500000000000E+02
4  10           0.80000000E-01 0.10000000E-15 0.10000000E-15 0.10000000E-15
 0.1902081096789E+06 0.2500000000000E+02
5  10           0.80000000E-01 0.10000000E-15 0.10000000E-15 0.10000000E-15
 0.1902081096789E+06 0.2500000000000E+02
6  10           0.80000000E-01 0.10000000E-15 0.10000000E-15 0.10000000E-15
 0.1902081096789E+06 0.2500000000000E+02
7  10           0.80000000E-01 0.10000000E-15 0.10000000E-15 0.10000000E-15
 0.1902081096789E+06 0.2500000000000E+02
wta 1           0.90000000E-01 0.10000000E-11 0.10000000E-11 0.10000000E-11
 0.2000000000000E+06 0.2500000000000E+02
wta 2           0.90000000E-01 0.10000000E-15 0.10000000E-15 0.10000000E-15
 0.2000000000000E+06 0.2500000000000E+02
wta 3           0.90000000E-01 0.10000000E-15 0.10000000E-15 0.10000000E-15
 0.2000000000000E+06 0.2500000000000E+02
wta 4           0.90000000E-01 0.10000000E-15 0.10000000E-15 0.10000000E-15
 0.2000000000000E+06 0.2500000000000E+02
wta 5           0.90000000E-01 0.10000000E-15 0.10000000E-15 0.10000000E-15
 0.2000000000000E+06 0.2500000000000E+02
wta 6           0.90000000E-01 0.10000000E-15 0.10000000E-15 0.10000000E-15
 0.2000000000000E+06 0.2500000000000E+02
wta 7           0.90000000E-01 0.10000000E-15 0.10000000E-15 0.10000000E-15
 0.2000000000000E+06 0.2500000000000E+02
+++  
  7319 14638  7 0.00000000E+00 0.31556900E+08
