INCON
TOP 0           0.90000000E+00 0.00000000E+00 0.00000000E+00 0.00000000E+00
 0.2932202937900E-01 0.0000000000000E+00
    1           0.50000000E+00 0.00000000E+00 0.00000000E+00 0.00000000E+00
 0.2693220293790E+00 0.0000000000000E+00
2   1           0.80000000E-01 0.00000000E+00 0.00000000E+00 0.00000000E+00
 0.9761550688983E+00 0.0000000000000E+00
3   1           0.80000000E-01 0.00000000E+00 0.00000000E+00 0.00000000E+00
 0.9761535560800E+00 0.0000000000000E+00
4   1           0.80000000E-01 0.00000000E+00 0.00000000E+00 0.00000000E+00
 0.9761502925233E+00 0.0000000000000E+00
5   1           0.80000000E-01 0.00000000E+00 0.00000000E+00 0.00000000E+00
 0.9761436252476E+00 0.0000000000000E+00
6   1           0.80000000E-01 0.00000000E+00 0.00000000E+00 0.00000000E+00
 0.9761321576113E+00 0.0000000000000E+00
7   1           0.80000000E-01 0.00000000E+00 0.00000000E+00 0.00000000E+00
 0.9761199238426E+00 0.0000000000000E+00
    2           0.50000000E+00 0.00000000E+00 0.00000000E+00 0.00000000E+00
 0.2579789593416E+00 0.0000000000000E+00
2   2           0.80000000E-01 0.00000000E+00 0.00000000E+00 0.00000000E+00
 0.9832832294702E+00 0.0000000000000E+00
3   2           0.80000000E-01 0.00000000E+00 0.00000000E+00 0.00000000E+00
 0.9832829441297E+00 0.0000000000000E+00
4   2           0.80000000E-01 0.00000000E+00 0.00000000E+00 0.00000000E+00
 0.9832823283708E+00 0.0000000000000E+00
5   2           0.80000000E-01 0.00000000E+00 0.00000000E+00 0.00000000E+00
 0.9832810695852E+00 0.0000000000000E+00
6   2           0.80000000E-01 0.00000000E+00 0.00000000E+00 0.00000000E+00
 0.9832789016681E+00 0.0000000000000E+00
7   2           0.80000000E-01 0.00000000E+00 0.00000000E+00 0.00000000E+00
 0.9832765848626E+00 0.0000000000000E+00
    3           0.50000000E+00 0.00000000E+00 0.00000000E+00 0.00000000E+00
 0.2647280495922E+00 0.0000000000000E+00
2   3           0.80000000E-01 0.00000000E+00 0.00000000E+00 0.00000000E+00
 0.9884495215425E+00 0.0000000000000E+00
3   3           0.80000000E-01 0.00000000E+00 0.00000000E+00 0.00000000E+00
 0.9884494953234E+00 0.0000000000000E+00
4   3           0.80000000E-01 0.00000000E+00 0.00000000E+00 0.00000000E+00
 0.9884494388337E+00 0.0000000000000E+00
5   3           0.80000000E-01 0.00000000E+00 0.00000000E+00 0.00000000E+00
 0.9884493237223E+00 0.0000000000000E+00
6   3           0.80000000E-01 0.00000000E+00 0.00000000E+00 0.00000000E+00
 0.9884491267322E+00 0.0000000000000E+00
7   3           0.80000000E-01 0.00000000E+00 0.00000000E+00 0.00000000E+00
 0.9884489180408E+00 0.0000000000000E+00
    4           0.50000000E+00 0.00000000E+00 0.00000000E+00 0.00000000E+00
 0.3292275213631E+00 0.0000000000000E+00
2   4           0.80000000E-01 0.00000000E+00 0.00000000E+00 0.00000000E+00
 0.9932714833684E+00 0.0000000000000E+00
3   4           0.80000000E-01 0.00000000E+00 0.00000000E+00 0.00000000E+00
 0.9932719171775E+00 0.0000000000000E+00
4   4           0.80000000E-01 0.00000000E+00 0.00000000E+00 0.00000000E+00
 0.9932728528655E+00 0.0000000000000E+00
5   4           0.80000000E-01 0.00000000E+00 0.00000000E+00 0.00000000E+00
 0.9932747637717E+00 0.0000000000000E+00
6   4           0.80000000E-01 0.00000000E+00 0.00000000E+00 0.00000000E+00
 0.9932780483967E+00 0.0000000000000E+00
7   4           0.80000000E-01 0.00000000E+00 0.00000000E+00 0.00000000E+00
 0.9932815494189E+00 0.0000000000000E+00
    5           0.50000000E+00 0.00000000E+00 0.00000000E+00 0.00000000E+00
 0.6643979751727E+00 0.0000000000000E+00
2   5           0.80000000E-01 0.00000000E+00 0.00000000E+00 0.00000000E+00
 0.9990189252781E+00 0.0000000000000E+00
3   5           0.80000000E-01 0.00000000E+00 0.00000000E+00 0.00000000E+00
 0.9990189728168E+00 0.0000000000000E+00
4   5           0.80000000E-01 0.00000000E+00 0.00000000E+00 0.00000000E+00
 0.9990190753714E+00 0.0000000000000E+00
5   5           0.80000000E-01 0.00000000E+00 0.00000000E+00 0.00000000E+00
 0.9990192848874E+00 0.0000000000000E+00
6   5           0.80000000E-01 0.00000000E+00 0.00000000E+00 0.00000000E+00
 0.9990196452601E+00 0.0000000000000E+00
7   5           0.80000000E-01 0.00000000E+00 0.00000000E+00 0.00000000E+00
 0.9990200297089E+00 0.0000000000000E+00
    6           0.50000000E+00 0.00000000E+00 0.00000000E+00 0.00000000E+00
 0.1119528268258E+06 0.0000000000000E+00
2   6           0.80000000E-01 0.00000000E+00 0.00000000E+00 0.00000000E+00
 0.1119528284617E+06 0.0000000000000E+00
3   6           0.80000000E-01 0.00000000E+00 0.00000000E+00 0.00000000E+00
 0.1119528342228E+06 0.0000000000000E+00
4   6           0.80000000E-01 0.00000000E+00 0.00000000E+00 0.00000000E+00
 0.1119528467565E+06 0.0000000000000E+00
5   6           0.80000000E-01 0.00000000E+00 0.00000000E+00 0.00000000E+00
 0.1119528727921E+06 0.0000000000000E+00
6   6           0.80000000E-01 0.00000000E+00 0.00000000E+00 0.00000000E+00
 0.1119529190409E+06 0.0000000000000E+00
7   6           0.80000000E-01 0.00000000E+00 0.00000000E+00 0.00000000E+00
 0.1119529705144E+06 0.0000000000000E+00
    7           0.50000000E+00 0.00000000E+00 0.00000000E+00 0.00000000E+00
 0.1315163902471E+06 0.0000000000000E+00
2   7           0.80000000E-01 0.00000000E+00 0.00000000E+00 0.00000000E+00
 0.1315163902505E+06 0.0000000000000E+00
3   7           0.80000000E-01 0.00000000E+00 0.00000000E+00 0.00000000E+00
 0.1315163902627E+06 0.0000000000000E+00
4   7           0.80000000E-01 0.00000000E+00 0.00000000E+00 0.00000000E+00
 0.1315163902902E+06 0.0000000000000E+00
5   7           0.80000000E-01 0.00000000E+00 0.00000000E+00 0.00000000E+00
 0.1315163903519E+06 0.0000000000000E+00
6   7           0.80000000E-01 0.00000000E+00 0.00000000E+00 0.00000000E+00
 0.1315163904766E+06 0.0000000000000E+00
7   7           0.80000000E-01 0.00000000E+00 0.00000000E+00 0.00000000E+00
 0.1315163906375E+06 0.0000000000000E+00
    8           0.50000000E+00 0.00000000E+00 0.00000000E+00 0.00000000E+00
 0.1510801258074E+06 0.0000000000000E+00
2   8           0.80000000E-01 0.00000000E+00 0.00000000E+00 0.00000000E+00
 0.1510801258074E+06 0.0000000000000E+00
3   8           0.80000000E-01 0.00000000E+00 0.00000000E+00 0.00000000E+00
 0.1510801258075E+06 0.0000000000000E+00
4   8           0.80000000E-01 0.00000000E+00 0.00000000E+00 0.00000000E+00
 0.1510801258075E+06 0.0000000000000E+00
5   8           0.80000000E-01 0.00000000E+00 0.00000000E+00 0.00000000E+00
 0.1510801258077E+06 0.0000000000000E+00
6   8           0.80000000E-01 0.00000000E+00 0.00000000E+00 0.00000000E+00
 0.1510801258080E+06 0.0000000000000E+00
7   8           0.80000000E-01 0.00000000E+00 0.00000000E+00 0.00000000E+00
 0.1510801258085E+06 0.0000000000000E+00
    9           0.50000000E+00 0.00000000E+00 0.00000000E+00 0.00000000E+00
 0.1706440335182E+06 0.0000000000000E+00
2   9           0.80000000E-01 0.00000000E+00 0.00000000E+00 0.00000000E+00
 0.1706440335182E+06 0.0000000000000E+00
3   9           0.80000000E-01 0.00000000E+00 0.00000000E+00 0.00000000E+00
 0.1706440335182E+06 0.0000000000000E+00
4   9           0.80000000E-01 0.00000000E+00 0.00000000E+00 0.00000000E+00
 0.1706440335182E+06 0.0000000000000E+00
5   9           0.80000000E-01 0.00000000E+00 0.00000000E+00 0.00000000E+00
 0.1706440335182E+06 0.0000000000000E+00
6   9           0.80000000E-01 0.00000000E+00 0.00000000E+00 0.00000000E+00
 0.1706440335182E+06 0.0000000000000E+00
7   9           0.80000000E-01 0.00000000E+00 0.00000000E+00 0.00000000E+00
 0.1706440335182E+06 0.0000000000000E+00
   10           0.50000000E+00 0.00000000E+00 0.00000000E+00 0.00000000E+00
 0.1902081133824E+06 0.0000000000000E+00
2  10           0.80000000E-01 0.00000000E+00 0.00000000E+00 0.00000000E+00
 0.1902081133824E+06 0.0000000000000E+00
3  10           0.80000000E-01 0.00000000E+00 0.00000000E+00 0.00000000E+00
 0.1902081133824E+06 0.0000000000000E+00
4  10           0.80000000E-01 0.00000000E+00 0.00000000E+00 0.00000000E+00
 0.1902081133824E+06 0.0000000000000E+00
5  10           0.80000000E-01 0.00000000E+00 0.00000000E+00 0.00000000E+00
 0.1902081133824E+06 0.0000000000000E+00
6  10           0.80000000E-01 0.00000000E+00 0.00000000E+00 0.00000000E+00
 0.1902081133824E+06 0.0000000000000E+00
7  10           0.80000000E-01 0.00000000E+00 0.00000000E+00 0.00000000E+00
 0.1902081133824E+06 0.0000000000000E+00
wta 1           0.90000000E-01 0.00000000E+00 0.00000000E+00 0.00000000E+00
 0.2000000000000E+06 0.0000000000000E+00
wta 2           0.90000000E-01 0.00000000E+00 0.00000000E+00 0.00000000E+00
 0.2000000000000E+06 0.0000000000000E+00
wta 3           0.90000000E-01 0.00000000E+00 0.00000000E+00 0.00000000E+00
 0.2000000000000E+06 0.0000000000000E+00
wta 4           0.90000000E-01 0.00000000E+00 0.00000000E+00 0.00000000E+00
 0.2000000000000E+06 0.0000000000000E+00
wta 5           0.90000000E-01 0.00000000E+00 0.00000000E+00 0.00000000E+00
 0.2000000000000E+06 0.0000000000000E+00
wta 6           0.90000000E-01 0.00000000E+00 0.00000000E+00 0.00000000E+00
 0.2000000000000E+06 0.0000000000000E+00
wta 7           0.90000000E-01 0.00000000E+00 0.00000000E+00 0.00000000E+00
 0.2000000000000E+06 0.0000000000000E+00
     
