

          ---- Modelling Progress and Iteration Messages ----


 Description of column-headers and variables:
   ITERFL  = Iterations to solve flow
   ITERSQ  = Sequential transport-chemistry iterations
   MAXITCH = Maximum iterations to solve chemistry
   AVGITCH = Average iterations to solve chemistry
   DELTA-T = Current time step (days)
   Dt limit = Criterion limiting timestep
   Maxitch ID = Grid block: maximum chemical iterations

     STEP   Time(yr)   ITERFL ITERSQ MAXITCH AVGITCH Delta-t(day)  Dt limit       Maxitch ID
 ----------------------------------------------------------------------------------------------------------
        0  0.000000E+00     0     0      5    3.667  0.00000E+00  Flo_Delta_t            
        1  0.316888E-06     2     1     34   21.571  0.11574E-03  Flo_Delta_t       2   1
        2  0.792220E-06     2     1      8    4.000  0.17361E-03  Flo_Delta_t           6
        3  0.142600E-05     2     1      6    3.043  0.23148E-03  Flo_Delta_t           6
        4  0.205977E-05     2     1     12    2.571  0.23148E-03  Flo_Delta_t           6
        5  0.269355E-05     2     1     70    3.414  0.23148E-03  Flo_Delta_t           6
        6  0.332732E-05     2     1     10    2.986  0.23148E-03  Chm_Delta_t           6
        7  0.396110E-05     2     1      7    2.186  0.23148E-03  Flo_Delta_t           6
        8  0.459487E-05     2     1      6    2.071  0.23148E-03  Flo_Delta_t           6
        9  0.586243E-05     2     1      7    2.500  0.46296E-03  Flo_Delta_t           6
       10  0.839753E-05     2     1      8    2.943  0.92593E-03  Flo_Delta_t           6
       11  0.134677E-04     2     1      9    3.086  0.18519E-02  Flo_Delta_t           6
       12  0.236081E-04     2     1     41   16.486  0.37037E-02  Flo_Delta_t       3   7
       13  0.388188E-04     2     1     18    4.529  0.55556E-02  Flo_Delta_t       2   8
       14  0.692400E-04     2     1     28    4.314  0.11111E-01  Flo_Delta_t       2   7
       15  0.130082E-03     2     1     12    3.700  0.22222E-01  Flo_Delta_t           6
       16  0.251767E-03     2     1     14    4.171  0.44444E-01  Flo_Delta_t           6
       17  0.388663E-03     2     1     10    3.686  0.50000E-01  Max_Delta_t           6
       18  0.525559E-03     2     1      8    3.614  0.50000E-01  Max_Delta_t           6
       19  0.662454E-03     2     1      7    3.114  0.50000E-01  Max_Delta_t           6
       20  0.799350E-03     2     1      6    3.100  0.50000E-01  Max_Delta_t           6
       30  0.216831E-02     2     1     53    3.000  0.50000E-01  Max_Delta_t       3   7
       40  0.353726E-02     2     1     52    2.629  0.50000E-01  Max_Delta_t       2   6
       50  0.490622E-02     2     1      8    2.614  0.50000E-01  Max_Delta_t       2   6
       60  0.627517E-02     2     1      5    2.557  0.50000E-01  Max_Delta_t       2   6
       70  0.764413E-02     2     1      4    2.457  0.50000E-01  Max_Delta_t       2   6
       80  0.901308E-02     2     1      4    2.114  0.50000E-01  Max_Delta_t       2   6
       90  0.103820E-01     2     1      3    2.057  0.50000E-01  Max_Delta_t           1
      100  0.117510E-01     2     1      3    2.043  0.50000E-01  Max_Delta_t           5
      110  0.131200E-01     2     1      3    2.043  0.50000E-01  Max_Delta_t           6
      120  0.144889E-01     2     1      3    2.057  0.50000E-01  Max_Delta_t           6
      130  0.158579E-01     2     1      3    2.043  0.50000E-01  Max_Delta_t           6
      140  0.172268E-01     2     1      3    2.043  0.50000E-01  Max_Delta_t           6
      150  0.185958E-01     2     1      3    2.043  0.50000E-01  Max_Delta_t           6
      160  0.199647E-01     2     1      3    2.100  0.50000E-01  Max_Delta_t           6
      170  0.213337E-01     2     1      3    2.029  0.50000E-01  Max_Delta_t           6
      180  0.227026E-01     2     1      3    2.029  0.50000E-01  Max_Delta_t           6
      190  0.240716E-01     2     1      3    2.029  0.50000E-01  Max_Delta_t           6
      200  0.254406E-01     2     1      3    2.029  0.50000E-01  Max_Delta_t           6
      210  0.268095E-01     2     1      3    2.114  0.50000E-01  Max_Delta_t           6
      220  0.281785E-01     2     1      3    2.029  0.50000E-01  Max_Delta_t           6
      230  0.295474E-01     2     1      3    2.029  0.50000E-01  Max_Delta_t           6
      240  0.309164E-01     2     1      3    2.029  0.50000E-01  Max_Delta_t           6
      250  0.322853E-01     2     1      3    2.029  0.50000E-01  Max_Delta_t           6
      260  0.336543E-01     2     1      3    2.029  0.50000E-01  Max_Delta_t           6
      270  0.350232E-01     2     1      3    2.029  0.50000E-01  Max_Delta_t           6
      280  0.363922E-01     2     1      3    2.029  0.50000E-01  Max_Delta_t           6
      290  0.377612E-01     2     1      3    2.100  0.50000E-01  Max_Delta_t           6
      300  0.391301E-01     2     1      3    2.029  0.50000E-01  Max_Delta_t           6
      310  0.404991E-01     2     1      3    2.029  0.50000E-01  Max_Delta_t           6
      320  0.418680E-01     2     1      3    2.029  0.50000E-01  Max_Delta_t           6
      330  0.432370E-01     2     1      3    2.014  0.50000E-01  Max_Delta_t           6
      340  0.446059E-01     2     1      3    2.100  0.50000E-01  Max_Delta_t           6
      350  0.459749E-01     2     1      3    2.029  0.50000E-01  Max_Delta_t           6
      360  0.473438E-01     2     1      3    2.029  0.50000E-01  Max_Delta_t           6
      370  0.487128E-01     2     1      3    2.057  0.50000E-01  Max_Delta_t           6
      380  0.500818E-01     2     1      3    2.014  0.50000E-01  Max_Delta_t           6
      390  0.514507E-01     2     1      3    2.014  0.50000E-01  Max_Delta_t           6
      400  0.528197E-01     2     1      3    2.029  0.50000E-01  Max_Delta_t           6
      410  0.541886E-01     2     1      3    2.014  0.50000E-01  Max_Delta_t           6
      420  0.555576E-01     2     1      3    2.043  0.50000E-01  Max_Delta_t           6
      430  0.569265E-01     2     1      3    2.014  0.50000E-01  Max_Delta_t           6
      440  0.582955E-01     2     1      3    2.014  0.50000E-01  Max_Delta_t           6
      450  0.596644E-01     2     1      3    2.029  0.50000E-01  Max_Delta_t           6
      460  0.610334E-01     2     1      3    2.014  0.50000E-01  Max_Delta_t           6
      470  0.624024E-01     2     1      3    2.100  0.50000E-01  Max_Delta_t           6
      480  0.637713E-01     2     1      3    2.014  0.50000E-01  Max_Delta_t           6
      490  0.651403E-01     2     1      3    2.014  0.50000E-01  Max_Delta_t           6
      500  0.665092E-01     2     1      3    2.014  0.50000E-01  Max_Delta_t           6
      510  0.678782E-01     2     1      3    2.014  0.50000E-01  Max_Delta_t           6
      520  0.692471E-01     2     1      3    2.014  0.50000E-01  Max_Delta_t           6
      530  0.706161E-01     2     1      3    2.014  0.50000E-01  Max_Delta_t           6
      540  0.719850E-01     2     1      3    2.014  0.50000E-01  Max_Delta_t           6
      550  0.733540E-01     2     1      3    2.014  0.50000E-01  Max_Delta_t           6
      560  0.747230E-01     2     1      3    2.043  0.50000E-01  Max_Delta_t           6
      570  0.760919E-01     2     1      3    2.029  0.50000E-01  Max_Delta_t           6
      580  0.774609E-01     2     1      3    2.043  0.50000E-01  Max_Delta_t           6
      590  0.788298E-01     2     1      3    2.014  0.50000E-01  Max_Delta_t           6
      600  0.801988E-01     2     1      3    2.100  0.50000E-01  Max_Delta_t           6
      610  0.815677E-01     2     1      3    2.014  0.50000E-01  Max_Delta_t           6
      620  0.829367E-01     2     1      3    2.014  0.50000E-01  Max_Delta_t           6
      630  0.843057E-01     2     1      3    2.014  0.50000E-01  Max_Delta_t           6
      640  0.856746E-01     2     1      3    2.014  0.50000E-01  Max_Delta_t           6
      650  0.870436E-01     2     1      3    2.014  0.50000E-01  Max_Delta_t           6
      660  0.884125E-01     2     1      3    2.014  0.50000E-01  Max_Delta_t           6
      670  0.897815E-01     2     1      3    2.014  0.50000E-01  Max_Delta_t           6
      680  0.911504E-01     2     1      3    2.014  0.50000E-01  Max_Delta_t           6
      690  0.925194E-01     2     1      3    2.043  0.50000E-01  Max_Delta_t           6
      700  0.938883E-01     2     1      3    2.043  0.50000E-01  Max_Delta_t           6
      710  0.952573E-01     2     1      3    2.014  0.50000E-01  Max_Delta_t           6
      720  0.966263E-01     2     1      3    2.029  0.50000E-01  Max_Delta_t           6
      730  0.979952E-01     2     1      3    2.100  0.50000E-01  Max_Delta_t           6
      740  0.993642E-01     2     1      3    2.014  0.50000E-01  Max_Delta_t           6
      750  0.100733E+00     2     1      3    2.014  0.50000E-01  Max_Delta_t           6
      760  0.102102E+00     2     1      3    2.014  0.50000E-01  Max_Delta_t           6
      770  0.103471E+00     2     1      4    2.029  0.50000E-01  Max_Delta_t           6
      780  0.104840E+00     2     1      9    2.100  0.50000E-01  Max_Delta_t           6
      790  0.106209E+00     2     1     20    2.014  0.50000E-01  Max_Delta_t           6
      800  0.107578E+00     2     1      3    2.014  0.50000E-01  Max_Delta_t           6
      810  0.108947E+00     2     1      3    2.000  0.50000E-01  Max_Delta_t           6
      820  0.110316E+00     2     1      3    2.000  0.50000E-01  Max_Delta_t       5   9
      830  0.111685E+00     2     1      2    2.000  0.50000E-01  Max_Delta_t           1
      840  0.113054E+00     2     1      3    2.014  0.50000E-01  Max_Delta_t       6   7
      850  0.114423E+00     2     1      3    2.000  0.50000E-01  Max_Delta_t       4   9
      860  0.115792E+00     2     1      2    2.000  0.50000E-01  Max_Delta_t           1
      870  0.117161E+00     2     1      3    2.000  0.50000E-01  Max_Delta_t       6   8
      880  0.118530E+00     2     1      3    2.000  0.50000E-01  Max_Delta_t       4   9
      890  0.119899E+00     2     1      3    2.000  0.50000E-01  Max_Delta_t       4   8
      900  0.121267E+00     2     1      3    2.000  0.50000E-01  Max_Delta_t       6   7
      910  0.122636E+00     2     1      3    2.000  0.50000E-01  Max_Delta_t       4   9
      920  0.124005E+00     2     1      3    2.029  0.50000E-01  Max_Delta_t       4   8
      930  0.125374E+00     2     1      3    2.000  0.50000E-01  Max_Delta_t       5   8
      940  0.126743E+00     2     1      3    2.014  0.50000E-01  Max_Delta_t       4   9
      950  0.128112E+00     2     1      3    2.014  0.50000E-01  Max_Delta_t           7
      960  0.129481E+00     2     1      3    2.043  0.50000E-01  Max_Delta_t           7
      970  0.130850E+00     2     1      4    2.114  0.50000E-01  Max_Delta_t           7
      980  0.132219E+00     2     1      4    2.014  0.50000E-01  Max_Delta_t           7
      990  0.133588E+00     2     1      3    2.029  0.50000E-01  Max_Delta_t           7
     1000  0.134957E+00     2     1      3    2.014  0.50000E-01  Max_Delta_t           7
     1010  0.136326E+00     2     1      3    2.014  0.50000E-01  Max_Delta_t           7
     1020  0.137695E+00     2     1      3    2.043  0.50000E-01  Max_Delta_t           7
     1030  0.139064E+00     2     1      3    2.000  0.50000E-01  Max_Delta_t           7
     1040  0.140433E+00     2     1      2    2.000  0.50000E-01  Max_Delta_t           1
     1050  0.141802E+00     2     1      3    2.029  0.50000E-01  Max_Delta_t       4  10
     1060  0.143171E+00     2     1      3    2.000  0.50000E-01  Max_Delta_t       6   8
     1070  0.144540E+00     2     1      3    2.000  0.50000E-01  Max_Delta_t       4   8
     1080  0.145909E+00     2     1      3    2.014  0.50000E-01  Max_Delta_t       6   8
     1090  0.147278E+00     2     1      3    2.000  0.50000E-01  Max_Delta_t       5   9
     1100  0.148647E+00     2     1      2    2.000  0.50000E-01  Max_Delta_t           1
     1110  0.150016E+00     2     1      3    2.029  0.50000E-01  Max_Delta_t       6   8
     1120  0.151384E+00     2     1      3    2.000  0.50000E-01  Max_Delta_t       6   7
     1130  0.152753E+00     2     1      3    2.000  0.50000E-01  Max_Delta_t       7   7
     1140  0.154122E+00     2     1      3    2.014  0.50000E-01  Max_Delta_t       4   8
     1150  0.155491E+00     2     1      2    2.000  0.50000E-01  Max_Delta_t           1
     1160  0.156860E+00     2     1      3    2.000  0.50000E-01  Max_Delta_t       6   7
     1170  0.158229E+00     2     1      3    2.014  0.50000E-01  Max_Delta_t       5   9
     1180  0.159598E+00     2     1      2    2.000  0.50000E-01  Max_Delta_t           1
     1190  0.160967E+00     2     1      3    2.014  0.50000E-01  Max_Delta_t       6   8
     1200  0.162336E+00     2     1      3    2.014  0.50000E-01  Max_Delta_t       5   9
     1210  0.163705E+00     2     1      2    2.000  0.50000E-01  Max_Delta_t           1
     1220  0.165074E+00     2     1      3    2.000  0.50000E-01  Max_Delta_t       6   8
     1230  0.166443E+00     2     1      3    2.014  0.50000E-01  Max_Delta_t       5   8
     1240  0.167812E+00     2     1      3    2.086  0.50000E-01  Max_Delta_t       7   7
     1250  0.169181E+00     2     1      3    2.014  0.50000E-01  Max_Delta_t       5  10
     1260  0.170550E+00     2     1      3    2.014  0.50000E-01  Max_Delta_t       4  10
     1270  0.171919E+00     2     1      3    2.000  0.50000E-01  Max_Delta_t       6   7
     1280  0.173288E+00     2     1      3    2.000  0.50000E-01  Max_Delta_t       7   7
     1290  0.174657E+00     2     1      3    2.014  0.50000E-01  Max_Delta_t       4  10
     1300  0.176026E+00     2     1      3    2.000  0.50000E-01  Max_Delta_t       6   8
     1310  0.177395E+00     2     1      3    2.000  0.50000E-01  Max_Delta_t       5  10
     1320  0.178764E+00     2     1      3    2.014  0.50000E-01  Max_Delta_t       7   7
     1330  0.180133E+00     2     1      3    2.014  0.50000E-01  Max_Delta_t       6   8
     1340  0.181502E+00     2     1      3    2.000  0.50000E-01  Max_Delta_t       5   9
     1350  0.182870E+00     2     1      3    2.000  0.50000E-01  Max_Delta_t       6   7
     1360  0.184239E+00     2     1      3    2.000  0.50000E-01  Max_Delta_t       4   9
     1370  0.185608E+00     2     1      3    2.000  0.50000E-01  Max_Delta_t       5   8
     1380  0.186977E+00     2     1      3    2.000  0.50000E-01  Max_Delta_t       6   8
     1390  0.188346E+00     2     1      3    2.029  0.50000E-01  Max_Delta_t       4   9
     1400  0.189715E+00     2     1      2    2.000  0.50000E-01  Max_Delta_t           1
     1410  0.191084E+00     2     1      3    2.000  0.50000E-01  Max_Delta_t       7   7
     1420  0.192453E+00     2     1      3    2.000  0.50000E-01  Max_Delta_t       4   9
     1430  0.193822E+00     2     1      3    2.000  0.50000E-01  Max_Delta_t       6   8
     1440  0.195191E+00     2     1      3    2.000  0.50000E-01  Max_Delta_t       6   7
     1450  0.196560E+00     2     1      3    2.000  0.50000E-01  Max_Delta_t       5  10
     1460  0.197929E+00     2     1      3    2.000  0.50000E-01  Max_Delta_t       7   7
     1470  0.199298E+00     2     1      3    2.014  0.50000E-01  Max_Delta_t       4  10
     1480  0.200667E+00     2     1      3    2.000  0.50000E-01  Max_Delta_t       5   9
     1490  0.202036E+00     2     1      3    2.000  0.50000E-01  Max_Delta_t       6   8
     1500  0.203405E+00     2     1      3    2.000  0.50000E-01  Max_Delta_t       5  10
     1510  0.204774E+00     2     1      3    2.086  0.50000E-01  Max_Delta_t       5   8
     1520  0.206143E+00     2     1      2    2.000  0.50000E-01  Max_Delta_t           1
     1530  0.207512E+00     2     1      3    2.014  0.50000E-01  Max_Delta_t       5  10
     1540  0.208881E+00     2     1      3    2.000  0.50000E-01  Max_Delta_t       6   8
     1550  0.210250E+00     2     1      3    2.000  0.50000E-01  Max_Delta_t       6   7
     1560  0.211619E+00     2     1      3    2.000  0.50000E-01  Max_Delta_t       5  10
     1570  0.212987E+00     2     1      3    2.000  0.50000E-01  Max_Delta_t       7   7
     1580  0.214356E+00     2     1      2    2.000  0.50000E-01  Max_Delta_t           1
     1590  0.215725E+00     2     1      3    2.000  0.50000E-01  Max_Delta_t       5  10
     1600  0.217094E+00     2     1      3    2.000  0.50000E-01  Max_Delta_t       6   8
     1610  0.218463E+00     2     1      3    2.014  0.50000E-01  Max_Delta_t       6   7
     1620  0.219832E+00     2     1      3    2.000  0.50000E-01  Max_Delta_t       5   9
     1630  0.221201E+00     2     1      3    2.014  0.50000E-01  Max_Delta_t       7   7
     1640  0.222570E+00     2     1      3    2.000  0.50000E-01  Max_Delta_t       5  10
     1650  0.223939E+00     2     1      3    2.014  0.50000E-01  Max_Delta_t       5   8
     1660  0.225308E+00     2     1      4    2.029  0.50000E-01  Max_Delta_t       4   6
     1670  0.226677E+00     2     1      4    2.029  0.50000E-01  Max_Delta_t       4   6
     1680  0.228046E+00     2     1      3    2.000  0.50000E-01  Max_Delta_t       6   8
     1690  0.229415E+00     2     1      3    2.000  0.50000E-01  Max_Delta_t       4  10
     1700  0.230784E+00     2     1      3    2.000  0.50000E-01  Max_Delta_t       4   9
     1710  0.232153E+00     2     1      3    2.000  0.50000E-01  Max_Delta_t       7   7
     1720  0.233522E+00     2     1      3    2.000  0.50000E-01  Max_Delta_t       4  10
     1730  0.234891E+00     2     1      3    2.000  0.50000E-01  Max_Delta_t       5  10
     1740  0.236260E+00     2     1      2    2.000  0.50000E-01  Max_Delta_t           1
     1750  0.237629E+00     2     1      3    2.014  0.50000E-01  Max_Delta_t       4  10
     1760  0.238998E+00     2     1      3    2.000  0.50000E-01  Max_Delta_t       5   9
     1770  0.240367E+00     2     1      2    2.000  0.50000E-01  Max_Delta_t           1
     1780  0.241736E+00     2     1      3    2.086  0.50000E-01  Max_Delta_t       4  10
     1790  0.243105E+00     2     1      3    2.000  0.50000E-01  Max_Delta_t       5   8
     1800  0.244473E+00     2     1      2    2.000  0.50000E-01  Max_Delta_t           1
     1810  0.245842E+00     2     1      3    2.014  0.50000E-01  Max_Delta_t       4  10
     1820  0.247211E+00     2     1      3    2.000  0.50000E-01  Max_Delta_t       4   9
     1830  0.248580E+00     2     1      2    2.000  0.50000E-01  Max_Delta_t           1
     1840  0.249949E+00     2     1      3    2.000  0.50000E-01  Max_Delta_t       6   8
     1850  0.251318E+00     2     1      3    2.000  0.50000E-01  Max_Delta_t       6   7
     1860  0.252687E+00     2     1      2    2.000  0.50000E-01  Max_Delta_t           1
     1870  0.254056E+00     2     1      3    2.000  0.50000E-01  Max_Delta_t       6   8
     1880  0.255425E+00     2     1      3    2.000  0.50000E-01  Max_Delta_t       4   9
     1890  0.256794E+00     2     1      3    2.014  0.50000E-01  Max_Delta_t       6   8
     1900  0.258163E+00     2     1      3    2.000  0.50000E-01  Max_Delta_t       5   9
     1910  0.259532E+00     2     1      3    2.000  0.50000E-01  Max_Delta_t       4   9
     1920  0.260901E+00     2     1      3    2.000  0.50000E-01  Max_Delta_t       6   8
     1930  0.262270E+00     2     1      3    2.000  0.50000E-01  Max_Delta_t       5   8
     1940  0.263639E+00     2     1      3    2.014  0.50000E-01  Max_Delta_t       4   9
     1950  0.265008E+00     2     1      3    2.000  0.50000E-01  Max_Delta_t       6   8
     1960  0.266377E+00     2     1      3    2.014  0.50000E-01  Max_Delta_t       5   8
     1970  0.267746E+00     2     1      3    2.000  0.50000E-01  Max_Delta_t       6   7
     1980  0.269115E+00     2     1      3    2.000  0.50000E-01  Max_Delta_t       4   9
     1990  0.270484E+00     2     1      3    2.000  0.50000E-01  Max_Delta_t       5   8
     2000  0.271853E+00     2     1      3    2.000  0.50000E-01  Max_Delta_t       4  10
     2010  0.273222E+00     2     1      3    2.000  0.50000E-01  Max_Delta_t       4   9
     2020  0.274591E+00     2     1      3    2.000  0.50000E-01  Max_Delta_t       5   8
     2030  0.275959E+00     2     1      3    2.014  0.50000E-01  Max_Delta_t       4  10
     2040  0.277328E+00     2     1      3    2.014  0.50000E-01  Max_Delta_t       5   9
     2050  0.278697E+00     2     1      3    2.086  0.50000E-01  Max_Delta_t       7   7
     2060  0.280066E+00     2     1      3    2.000  0.50000E-01  Max_Delta_t       4  10
     2070  0.281435E+00     2     1      3    2.000  0.50000E-01  Max_Delta_t       4   9
     2080  0.282804E+00     2     1      3    2.000  0.50000E-01  Max_Delta_t       6   8
     2090  0.284173E+00     2     1      3    2.000  0.50000E-01  Max_Delta_t       4  10
     2100  0.285542E+00     2     1      3    2.000  0.50000E-01  Max_Delta_t       4   9
     2110  0.286911E+00     2     1      3    2.000  0.50000E-01  Max_Delta_t       6   8
     2120  0.288280E+00     2     1      3    2.000  0.50000E-01  Max_Delta_t       4  10
     2130  0.289649E+00     2     1      3    2.000  0.50000E-01  Max_Delta_t       4   9
     2140  0.291018E+00     2     1      3    2.000  0.50000E-01  Max_Delta_t       6   8
     2150  0.292387E+00     2     1      3    2.000  0.50000E-01  Max_Delta_t       5  10
     2160  0.293756E+00     2     1      3    2.000  0.50000E-01  Max_Delta_t       5   8
     2170  0.295125E+00     2     1      3    2.014  0.50000E-01  Max_Delta_t       5  10
     2180  0.296494E+00     2     1      3    2.000  0.50000E-01  Max_Delta_t       5   9
     2190  0.297863E+00     2     1      3    2.000  0.50000E-01  Max_Delta_t       5   8
     2200  0.299232E+00     2     1      3    2.000  0.50000E-01  Max_Delta_t       5  10
     2210  0.300601E+00     2     1      3    2.000  0.50000E-01  Max_Delta_t       4  10
     2220  0.301970E+00     2     1      3    1.986  0.50000E-01  Max_Delta_t       6   8
     2230  0.303339E+00     2     1      3    2.000  0.50000E-01  Max_Delta_t       5  10
     2240  0.304708E+00     2     1      3    2.000  0.50000E-01  Max_Delta_t       4  10
     2250  0.306076E+00     2     1      3    2.014  0.50000E-01  Max_Delta_t       5   8
     2260  0.307445E+00     2     1      3    2.000  0.50000E-01  Max_Delta_t       5  10
     2270  0.308814E+00     2     1      3    2.000  0.50000E-01  Max_Delta_t       4  10
     2280  0.310183E+00     2     1      3    2.000  0.50000E-01  Max_Delta_t       5   8
     2290  0.311552E+00     2     1      3    2.000  0.50000E-01  Max_Delta_t       4   9
     2300  0.312921E+00     2     1      3    2.014  0.50000E-01  Max_Delta_t       6   8
     2310  0.314290E+00     2     1      3    2.014  0.50000E-01  Max_Delta_t       5   8
     2320  0.315659E+00     2     1      3    2.086  0.50000E-01  Max_Delta_t       5   9
     2330  0.317028E+00     2     1      3    2.014  0.50000E-01  Max_Delta_t       4  10
     2340  0.318397E+00     2     1      3    2.000  0.50000E-01  Max_Delta_t       5  10
     2350  0.319766E+00     2     1      3    2.000  0.50000E-01  Max_Delta_t       4   9
     2360  0.321135E+00     2     1      3    2.000  0.50000E-01  Max_Delta_t       4  10
     2370  0.322504E+00     2     1      3    2.000  0.50000E-01  Max_Delta_t       5  10
     2380  0.323873E+00     2     1      3    2.000  0.50000E-01  Max_Delta_t       6   8
     2390  0.325242E+00     2     1      3    2.000  0.50000E-01  Max_Delta_t       4  10
     2400  0.326611E+00     2     1      3    2.000  0.50000E-01  Max_Delta_t       5  10
     2410  0.327980E+00     2     1      3    2.000  0.50000E-01  Max_Delta_t       6   8
     2420  0.329349E+00     2     1      3    2.000  0.50000E-01  Max_Delta_t       4  10
     2430  0.330718E+00     2     1      3    2.000  0.50000E-01  Max_Delta_t       5  10
     2440  0.332087E+00     2     1      3    2.000  0.50000E-01  Max_Delta_t       4   9
     2450  0.333456E+00     2     1      3    2.014  0.50000E-01  Max_Delta_t       4  10
     2460  0.334825E+00     2     1      3    2.000  0.50000E-01  Max_Delta_t       5   9
     2470  0.336194E+00     2     1      3    2.000  0.50000E-01  Max_Delta_t       4   9
     2480  0.337562E+00     2     1      3    2.000  0.50000E-01  Max_Delta_t       4  10
     2490  0.338931E+00     2     1      3    2.000  0.50000E-01  Max_Delta_t       6   8
     2500  0.340300E+00     2     1      3    2.014  0.50000E-01  Max_Delta_t       4   9
     2510  0.341669E+00     2     1      3    2.014  0.50000E-01  Max_Delta_t           6
     2520  0.343038E+00     2     1      3    2.014  0.50000E-01  Max_Delta_t           6
     2530  0.344407E+00     2     1      9    2.029  0.50000E-01  Max_Delta_t           6
     2540  0.345776E+00     2     1      4    2.029  0.50000E-01  Max_Delta_t           6
     2550  0.347145E+00     2     1      4    2.014  0.50000E-01  Max_Delta_t           6
     2560  0.348514E+00     2     1      3    2.071  0.50000E-01  Max_Delta_t           6
     2570  0.349883E+00     2     1      3    2.014  0.50000E-01  Max_Delta_t           6
     2580  0.351252E+00     2     1      3    2.014  0.50000E-01  Max_Delta_t           6
     2590  0.352621E+00     2     1      3    2.071  0.50000E-01  Max_Delta_t           6
     2600  0.353990E+00     2     1      3    2.000  0.50000E-01  Max_Delta_t           6
     2610  0.355359E+00     2     1      3    2.014  0.50000E-01  Max_Delta_t           6
     2620  0.356728E+00     2     1      3    2.014  0.50000E-01  Max_Delta_t           6
     2630  0.358097E+00     2     1      3    2.014  0.50000E-01  Max_Delta_t           6
     2640  0.359466E+00     2     1      3    2.014  0.50000E-01  Max_Delta_t           6
     2650  0.360835E+00     2     1      3    2.000  0.50000E-01  Max_Delta_t           6
     2660  0.362204E+00     2     1      3    2.014  0.50000E-01  Max_Delta_t           6
     2670  0.363573E+00     2     1      3    2.029  0.50000E-01  Max_Delta_t           6
     2680  0.364942E+00     2     1      3    2.014  0.50000E-01  Max_Delta_t           6
     2690  0.366311E+00     2     1      3    2.057  0.50000E-01  Max_Delta_t           6
     2700  0.367679E+00     2     1      3    2.029  0.50000E-01  Max_Delta_t           6
     2710  0.369048E+00     2     1      3    2.000  0.50000E-01  Max_Delta_t           6
     2720  0.370417E+00     2     1      3    2.029  0.50000E-01  Max_Delta_t       4  10
     2730  0.371786E+00     2     1      3    2.000  0.50000E-01  Max_Delta_t       6   8
     2740  0.373155E+00     2     1      3    2.000  0.50000E-01  Max_Delta_t       5   9
     2750  0.374524E+00     2     1      3    2.000  0.50000E-01  Max_Delta_t       7   8
     2760  0.375893E+00     2     1      3    2.000  0.50000E-01  Max_Delta_t       5  10
     2770  0.377262E+00     2     1      3    2.000  0.50000E-01  Max_Delta_t       7   8
     2780  0.378631E+00     2     1      3    2.000  0.50000E-01  Max_Delta_t       6   9
     2790  0.380000E+00     2     1      3    2.000  0.50000E-01  Max_Delta_t       5  10
     2800  0.381369E+00     2     1      3    2.014  0.50000E-01  Max_Delta_t       7   8
     2810  0.382738E+00     2     1      3    2.000  0.50000E-01  Max_Delta_t       4  10
     2820  0.384107E+00     2     1      3    2.043  0.50000E-01  Max_Delta_t       5   9
     2830  0.385476E+00     2     1      3    2.000  0.50000E-01  Max_Delta_t       6   9
     2840  0.386845E+00     2     1      3    2.000  0.50000E-01  Max_Delta_t       4  10
     2850  0.388214E+00     2     1      3    2.014  0.50000E-01  Max_Delta_t       5   9
     2860  0.389583E+00     2     1      3    2.000  0.50000E-01  Max_Delta_t       6   8
     2870  0.390952E+00     2     1      3    2.029  0.50000E-01  Max_Delta_t       5  10
     2880  0.392321E+00     2     1      3    2.000  0.50000E-01  Max_Delta_t       3   6
     2890  0.393690E+00     2     1      3    2.014  0.50000E-01  Max_Delta_t       3   6
     2900  0.395059E+00     2     1      4    2.029  0.50000E-01  Max_Delta_t       3   6
     2910  0.396428E+00     2     1      4    2.014  0.50000E-01  Max_Delta_t       3   6
     2920  0.397797E+00     2     1      3    2.014  0.50000E-01  Max_Delta_t       3   6
     2930  0.399165E+00     2     1      3    2.043  0.50000E-01  Max_Delta_t       3   6
     2940  0.400534E+00     2     1      3    2.014  0.50000E-01  Max_Delta_t       3   6
     2950  0.401903E+00     2     1      3    2.043  0.50000E-01  Max_Delta_t       3   6
     2960  0.403272E+00     2     1      3    2.000  0.50000E-01  Max_Delta_t       4  10
     2970  0.404641E+00     2     1      3    2.014  0.50000E-01  Max_Delta_t       5   8
     2980  0.406010E+00     2     1      3    2.029  0.50000E-01  Max_Delta_t       7   8
     2990  0.407379E+00     2     1      3    2.000  0.50000E-01  Max_Delta_t       6   8
     3000  0.408748E+00     2     1      3    2.000  0.50000E-01  Max_Delta_t       5   8
     3010  0.410117E+00     2     1      3    2.000  0.50000E-01  Max_Delta_t       7   8
     3020  0.411486E+00     2     1      3    2.000  0.50000E-01  Max_Delta_t       4  10
     3030  0.412855E+00     2     1      3    2.014  0.50000E-01  Max_Delta_t       5   8
     3040  0.414224E+00     2     1      3    2.000  0.50000E-01  Max_Delta_t       6   9
     3050  0.415593E+00     2     1      3    2.000  0.50000E-01  Max_Delta_t       4  10
     3060  0.416962E+00     2     1      3    2.014  0.50000E-01  Max_Delta_t       5  10
     3070  0.418331E+00     2     1      2    2.000  0.50000E-01  Max_Delta_t           1
     3080  0.419700E+00     2     1      3    2.043  0.50000E-01  Max_Delta_t       4  10
     3090  0.421069E+00     2     1      3    2.000  0.50000E-01  Max_Delta_t       5   9
     3100  0.422438E+00     2     1      2    2.000  0.50000E-01  Max_Delta_t           1
     3110  0.423807E+00     2     1      3    2.029  0.50000E-01  Max_Delta_t       4  10
     3120  0.425176E+00     2     1      3    2.000  0.50000E-01  Max_Delta_t       5   9
     3130  0.426545E+00     2     1      2    2.000  0.50000E-01  Max_Delta_t           1
     3140  0.427914E+00     2     1      3    2.000  0.50000E-01  Max_Delta_t       4  10
     3150  0.429283E+00     2     1      3    2.014  0.50000E-01  Max_Delta_t       4   9
     3160  0.430651E+00     2     1      3    2.014  0.50000E-01  Max_Delta_t       7   8
     3170  0.432020E+00     2     1      3    2.000  0.50000E-01  Max_Delta_t       6   9
     3180  0.433389E+00     2     1      2    2.000  0.50000E-01  Max_Delta_t           1
     3190  0.434758E+00     2     1      3    2.014  0.50000E-01  Max_Delta_t       4   9
     3200  0.436127E+00     2     1      3    2.000  0.50000E-01  Max_Delta_t       5   9
     3210  0.437496E+00     2     1      3    2.043  0.50000E-01  Max_Delta_t       7   8
     3220  0.438865E+00     2     1      3    2.000  0.50000E-01  Max_Delta_t       4   9
     3230  0.440234E+00     2     1      2    2.000  0.50000E-01  Max_Delta_t           1
     3240  0.441603E+00     2     1      3    2.043  0.50000E-01  Max_Delta_t       7   8
     3250  0.442972E+00     2     1      3    2.000  0.50000E-01  Max_Delta_t       6   8
     3260  0.444341E+00     2     1      2    2.000  0.50000E-01  Max_Delta_t           1
     3270  0.445710E+00     2     1      3    2.000  0.50000E-01  Max_Delta_t       7   8
     3280  0.447079E+00     2     1      3    2.014  0.50000E-01  Max_Delta_t       5   9
     3290  0.448448E+00     2     1      3    2.000  0.50000E-01  Max_Delta_t       7   8
     3300  0.449817E+00     2     1      3    2.014  0.50000E-01  Max_Delta_t       6   9
     3310  0.451186E+00     2     1      3    2.000  0.50000E-01  Max_Delta_t       4  10
     3320  0.452555E+00     2     1      3    2.014  0.50000E-01  Max_Delta_t       5   8
     3330  0.453924E+00     2     1      3    2.000  0.50000E-01  Max_Delta_t       5  10
     3340  0.455293E+00     2     1      3    2.043  0.50000E-01  Max_Delta_t       4  10
     3350  0.456662E+00     2     1      3    2.000  0.50000E-01  Max_Delta_t       4   9
     3360  0.458031E+00     2     1      3    2.000  0.50000E-01  Max_Delta_t       5   9
     3370  0.459400E+00     2     1      3    2.029  0.50000E-01  Max_Delta_t       4  10
     3380  0.460768E+00     2     1      3    2.014  0.50000E-01  Max_Delta_t       6   8
     3390  0.462137E+00     2     1      3    2.000  0.50000E-01  Max_Delta_t       5   9
     3400  0.463506E+00     2     1      3    2.000  0.50000E-01  Max_Delta_t       7   8
     3410  0.464875E+00     2     1      3    2.000  0.50000E-01  Max_Delta_t       5  10
     3420  0.466244E+00     2     1      3    2.000  0.50000E-01  Max_Delta_t       5   8
     3430  0.467613E+00     2     1      3    2.000  0.50000E-01  Max_Delta_t       4  10
     3440  0.468982E+00     2     1      3    2.000  0.50000E-01  Max_Delta_t       5   9
     3450  0.470351E+00     2     1      3    2.029  0.50000E-01  Max_Delta_t       7   8
     3460  0.471720E+00     2     1      3    2.000  0.50000E-01  Max_Delta_t       5  10
     3470  0.473089E+00     2     1      3    2.043  0.50000E-01  Max_Delta_t       5   9
     3480  0.474458E+00     2     1      3    2.000  0.50000E-01  Max_Delta_t       6   9
     3490  0.475827E+00     2     1      3    2.000  0.50000E-01  Max_Delta_t       5   8
     3500  0.477196E+00     2     1      3    2.029  0.50000E-01  Max_Delta_t       7   8
     3510  0.478565E+00     2     1      3    2.014  0.50000E-01  Max_Delta_t       4   9
     3520  0.479934E+00     2     1      3    2.000  0.50000E-01  Max_Delta_t       5   9
     3530  0.481303E+00     2     1      3    2.000  0.50000E-01  Max_Delta_t       7   8
     3540  0.482672E+00     2     1      3    2.000  0.50000E-01  Max_Delta_t       4   9
     3550  0.484041E+00     2     1      3    2.000  0.50000E-01  Max_Delta_t       5   9
     3560  0.485410E+00     2     1      3    2.000  0.50000E-01  Max_Delta_t       5   8
     3570  0.486779E+00     2     1      3    2.014  0.50000E-01  Max_Delta_t       5  10
     3580  0.488148E+00     2     1      3    2.014  0.50000E-01  Max_Delta_t       7   8
     3590  0.489517E+00     2     1      3    2.000  0.50000E-01  Max_Delta_t       5   8
     3600  0.490886E+00     2     1      3    2.000  0.50000E-01  Max_Delta_t       5  10
     3610  0.492254E+00     2     1      3    2.000  0.50000E-01  Max_Delta_t       6   9
     3620  0.493623E+00     2     1      3    2.000  0.50000E-01  Max_Delta_t       5  10
     3630  0.494992E+00     2     1      3    2.029  0.50000E-01  Max_Delta_t       7   8
     3640  0.496361E+00     2     1      3    2.000  0.50000E-01  Max_Delta_t       6   8
     3650  0.497730E+00     2     1      3    2.000  0.50000E-01  Max_Delta_t       5  10
     3660  0.499099E+00     2     1      3    2.000  0.50000E-01  Max_Delta_t       5   9
     3670  0.500468E+00     2     1      3    2.000  0.50000E-01  Max_Delta_t       5   8
     3680  0.501837E+00     2     1      3    2.000  0.50000E-01  Max_Delta_t       5  10
     3690  0.503206E+00     2     1      3    2.000  0.50000E-01  Max_Delta_t       6   9
     3700  0.504575E+00     2     1      3    2.000  0.50000E-01  Max_Delta_t       4   9
     3710  0.505944E+00     2     1      3    2.014  0.50000E-01  Max_Delta_t       5   9
     3720  0.507313E+00     2     1      3    2.000  0.50000E-01  Max_Delta_t       4  10
     3730  0.508682E+00     2     1      3    2.000  0.50000E-01  Max_Delta_t       7   8
     3740  0.510051E+00     2     1      3    2.014  0.50000E-01  Max_Delta_t       5   9
     3750  0.511420E+00     2     1      3    2.000  0.50000E-01  Max_Delta_t       7   8
     3760  0.512789E+00     2     1      3    2.029  0.50000E-01  Max_Delta_t       5  10
     3770  0.514158E+00     2     1      3    2.000  0.50000E-01  Max_Delta_t       4   9
     3780  0.515527E+00     2     1      3    2.014  0.50000E-01  Max_Delta_t       7   8
     3790  0.516896E+00     2     1      3    2.000  0.50000E-01  Max_Delta_t       5   9
     3800  0.518265E+00     2     1      3    2.000  0.50000E-01  Max_Delta_t       4   9
     3810  0.519634E+00     2     1      3    2.000  0.50000E-01  Max_Delta_t       5  10
     3820  0.521003E+00     2     1      3    2.000  0.50000E-01  Max_Delta_t       6  10
     3830  0.522371E+00     2     1      3    2.000  0.50000E-01  Max_Delta_t       7   8
     3840  0.523740E+00     2     1      3    2.029  0.50000E-01  Max_Delta_t       5  10
     3850  0.525109E+00     2     1      3    2.000  0.50000E-01  Max_Delta_t       7   8
     3860  0.526478E+00     2     1      3    2.014  0.50000E-01  Max_Delta_t       5   8
     3870  0.527847E+00     2     1      3    2.000  0.50000E-01  Max_Delta_t       5  10
     3880  0.529216E+00     2     1      3    2.000  0.50000E-01  Max_Delta_t       7   8
     3890  0.530585E+00     2     1      3    2.000  0.50000E-01  Max_Delta_t       4  10
     3900  0.531954E+00     2     1      3    2.000  0.50000E-01  Max_Delta_t       6   8
     3910  0.533323E+00     2     1      2    2.000  0.50000E-01  Max_Delta_t           1
     3920  0.534692E+00     2     1      3    2.000  0.50000E-01  Max_Delta_t       6  10
     3930  0.536061E+00     2     1      3    2.000  0.50000E-01  Max_Delta_t       5   9
     3940  0.537430E+00     2     1      3    2.000  0.50000E-01  Max_Delta_t       5   8
     3950  0.538799E+00     2     1      3    2.000  0.50000E-01  Max_Delta_t       5  10
     3960  0.540168E+00     2     1      3    2.014  0.50000E-01  Max_Delta_t       4   9
     3970  0.541537E+00     2     1      3    2.014  0.50000E-01  Max_Delta_t       6  10
     3980  0.542906E+00     2     1      3    2.000  0.50000E-01  Max_Delta_t       4  10
     3990  0.544275E+00     2     1      3    2.000  0.50000E-01  Max_Delta_t       6  10
     4000  0.545644E+00     2     1      3    2.000  0.50000E-01  Max_Delta_t       4   9
     4010  0.547013E+00     2     1      3    2.000  0.50000E-01  Max_Delta_t       4  10
     4020  0.548382E+00     2     1      3    2.000  0.50000E-01  Max_Delta_t       6  10
     4030  0.549751E+00     2     1      3    2.014  0.50000E-01  Max_Delta_t       6   8
     4040  0.551120E+00     2     1      3    2.000  0.50000E-01  Max_Delta_t       6  10
     4050  0.552489E+00     2     1      3    2.014  0.50000E-01  Max_Delta_t       6   8
     4060  0.553857E+00     2     1      3    2.000  0.50000E-01  Max_Delta_t       5   9
     4070  0.555226E+00     2     1      3    2.000  0.50000E-01  Max_Delta_t       6  10
     4080  0.556595E+00     2     1      3    2.000  0.50000E-01  Max_Delta_t       7   8
     4090  0.557964E+00     2     1      3    2.000  0.50000E-01  Max_Delta_t       5   9
     4100  0.559333E+00     2     1      3    2.014  0.50000E-01  Max_Delta_t       4   9
     4110  0.560702E+00     2     1      3    2.014  0.50000E-01  Max_Delta_t       5  10
     4120  0.562071E+00     2     1      3    2.000  0.50000E-01  Max_Delta_t       6  10
     4130  0.563440E+00     2     1      3    2.000  0.50000E-01  Max_Delta_t       7   8
     4140  0.564809E+00     2     1      3    2.000  0.50000E-01  Max_Delta_t       4   9
     4150  0.566178E+00     2     1      3    2.000  0.50000E-01  Max_Delta_t       4  10
     4160  0.567547E+00     2     1      3    2.000  0.50000E-01  Max_Delta_t       6   8
     4170  0.568916E+00     2     1      3    2.000  0.50000E-01  Max_Delta_t       6  10
     4180  0.570285E+00     2     1      3    2.000  0.50000E-01  Max_Delta_t       4  10
     4190  0.571654E+00     2     1      3    2.000  0.50000E-01  Max_Delta_t       5  10
     4200  0.573023E+00     2     1      3    2.000  0.50000E-01  Max_Delta_t       5   9
     4210  0.574392E+00     2     1      3    2.000  0.50000E-01  Max_Delta_t       4   9
     4220  0.575761E+00     2     1      3    2.000  0.50000E-01  Max_Delta_t       6  10
     4230  0.577130E+00     2     1      3    2.014  0.50000E-01  Max_Delta_t       7   8
     4240  0.578499E+00     2     1      3    2.000  0.50000E-01  Max_Delta_t       5  10
     4250  0.579868E+00     2     1      3    2.000  0.50000E-01  Max_Delta_t       5   9
     4260  0.581237E+00     2     1      3    2.014  0.50000E-01  Max_Delta_t       4  10
     4270  0.582606E+00     2     1      3    2.000  0.50000E-01  Max_Delta_t       6  10
     4280  0.583975E+00     2     1      3    2.000  0.50000E-01  Max_Delta_t       4   9
     4290  0.585343E+00     2     1      3    2.000  0.50000E-01  Max_Delta_t       6   8
     4300  0.586712E+00     2     1      3    2.000  0.50000E-01  Max_Delta_t       7   8
     4310  0.588081E+00     2     1      3    2.000  0.50000E-01  Max_Delta_t       4   9
     4320  0.589450E+00     2     1      3    2.000  0.50000E-01  Max_Delta_t       4  10
     4330  0.590819E+00     2     1      3    2.014  0.50000E-01  Max_Delta_t       7   8
     4340  0.592188E+00     2     1      3    2.000  0.50000E-01  Max_Delta_t       6   8
     4350  0.593557E+00     2     1      3    2.000  0.50000E-01  Max_Delta_t       4   9
     4360  0.594926E+00     2     1      3    2.000  0.50000E-01  Max_Delta_t       5   9
     4370  0.596295E+00     2     1      3    2.000  0.50000E-01  Max_Delta_t       6  10
     4380  0.597664E+00     2     1      3    2.014  0.50000E-01  Max_Delta_t       7   8
     4390  0.599033E+00     2     1      3    2.014  0.50000E-01  Max_Delta_t       6   8
     4400  0.600402E+00     2     1      3    2.000  0.50000E-01  Max_Delta_t       5   8
     4410  0.601771E+00     2     1      3    2.000  0.50000E-01  Max_Delta_t       5   9
     4420  0.603140E+00     2     1      3    2.000  0.50000E-01  Max_Delta_t       6  10
     4430  0.604509E+00     2     1      3    2.000  0.50000E-01  Max_Delta_t       7   8
     4440  0.605878E+00     2     1      3    2.000  0.50000E-01  Max_Delta_t       6   8
     4450  0.607247E+00     2     1      3    2.000  0.50000E-01  Max_Delta_t       5  10
     4460  0.608616E+00     2     1      3    2.000  0.50000E-01  Max_Delta_t       4  10
     4470  0.609985E+00     2     1      3    1.986  0.50000E-01  Max_Delta_t       5   9
     4480  0.611354E+00     2     1      3    2.000  0.50000E-01  Max_Delta_t       7   8
     4490  0.612723E+00     2     1      3    1.986  0.50000E-01  Max_Delta_t       6   8
     4500  0.614092E+00     2     1      3    2.000  0.50000E-01  Max_Delta_t       5  10
     4510  0.615460E+00     2     1      3    1.986  0.50000E-01  Max_Delta_t       4  10
     4520  0.616829E+00     2     1      3    2.014  0.50000E-01  Max_Delta_t       6  10
     4530  0.618198E+00     2     1      3    2.000  0.50000E-01  Max_Delta_t       7   8
     4540  0.619567E+00     2     1      3    2.000  0.50000E-01  Max_Delta_t       6   8
     4550  0.620936E+00     2     1      3    2.000  0.50000E-01  Max_Delta_t       5   9
     4560  0.622305E+00     2     1      3    2.000  0.50000E-01  Max_Delta_t       6   8
     4570  0.623674E+00     2     1      3    1.986  0.50000E-01  Max_Delta_t       6  10
     4580  0.625043E+00     2     1      3    2.000  0.50000E-01  Max_Delta_t       5  10
     4590  0.626412E+00     2     1      3    2.000  0.50000E-01  Max_Delta_t       6   8
     4600  0.627781E+00     2     1      3    2.000  0.50000E-01  Max_Delta_t       4  10
     4610  0.629150E+00     2     1      3    1.986  0.50000E-01  Max_Delta_t       4   9
     4620  0.630519E+00     2     1      3    2.014  0.50000E-01  Max_Delta_t       6  10
     4630  0.631888E+00     2     1      3    2.014  0.50000E-01  Max_Delta_t       7   5
     4640  0.633257E+00     2     1      4    2.029  0.50000E-01  Max_Delta_t       7   5
     4650  0.634626E+00     2     1     35    2.057  0.50000E-01  Max_Delta_t       7   5
     4660  0.635995E+00     2     1      4    2.029  0.50000E-01  Max_Delta_t       7   5
     4670  0.637364E+00     2     1      4    2.014  0.50000E-01  Max_Delta_t       7   5
     4680  0.638733E+00     2     1      3    2.029  0.50000E-01  Max_Delta_t       7   5
     4690  0.640102E+00     2     1      3    2.014  0.50000E-01  Max_Delta_t       7   5
     4700  0.641471E+00     2     1      3    2.014  0.50000E-01  Max_Delta_t       7   5
     4710  0.642840E+00     2     1      3    2.014  0.50000E-01  Max_Delta_t       7   5
     4720  0.644209E+00     2     1      3    2.043  0.50000E-01  Max_Delta_t       7   5
     4730  0.645578E+00     2     1      3    2.029  0.50000E-01  Max_Delta_t       6   5
     4740  0.646946E+00     2     1      3    2.014  0.50000E-01  Max_Delta_t       6   5
     4750  0.648315E+00     2     1     36    2.057  0.50000E-01  Max_Delta_t       6   5
     4760  0.649684E+00     2     1      4    2.071  0.50000E-01  Max_Delta_t       6   5
     4770  0.651053E+00     2     1     33    2.100  0.50000E-01  Max_Delta_t       7   4
     4780  0.652422E+00     2     1      5    2.086  0.50000E-01  Max_Delta_t       7   4
     4790  0.653791E+00     2     1      4    2.043  0.50000E-01  Max_Delta_t       7   4
     4800  0.655160E+00     2     1     49    2.071  0.50000E-01  Max_Delta_t       7   5
     4810  0.656529E+00     2     1      4    2.043  0.50000E-01  Max_Delta_t       7   5
     4820  0.657898E+00     2     1      4    2.029  0.50000E-01  Max_Delta_t       7   5
     4830  0.659267E+00     2     1      4    2.029  0.50000E-01  Max_Delta_t       7   5
     4840  0.660636E+00     2     1      3    2.043  0.50000E-01  Max_Delta_t       7   4
     4850  0.662005E+00     2     1      3    2.029  0.50000E-01  Max_Delta_t       7   4
     4860  0.663374E+00     2     1      3    2.057  0.50000E-01  Max_Delta_t       7   4
     4870  0.664743E+00     2     1      3    2.029  0.50000E-01  Max_Delta_t       6   4
     4880  0.666112E+00     2     1     29    2.071  0.50000E-01  Max_Delta_t       6   4
     4890  0.667481E+00     2     1      5    2.043  0.50000E-01  Max_Delta_t       6   4
     4900  0.668850E+00     2     1      4    2.043  0.50000E-01  Max_Delta_t       6   4
     4910  0.670219E+00     2     1      5    2.071  0.50000E-01  Max_Delta_t       6   5
     4920  0.671588E+00     2     1     47    2.086  0.50000E-01  Max_Delta_t       6   5
     4930  0.672957E+00     2     1      5    2.043  0.50000E-01  Max_Delta_t       6   5
     4940  0.674326E+00     2     1     47    2.086  0.50000E-01  Max_Delta_t       7   4
     4950  0.675695E+00     2     1      5    2.043  0.50000E-01  Max_Delta_t       7   4
     4960  0.677063E+00     2     1      4    2.043  0.50000E-01  Max_Delta_t       7   4
     4970  0.678432E+00     2     1      4    2.043  0.50000E-01  Max_Delta_t       7   4
     4980  0.679801E+00     2     1      3    2.043  0.50000E-01  Max_Delta_t       6   4
     4990  0.681170E+00     2     1      3    2.029  0.50000E-01  Max_Delta_t       6   4
     5000  0.682539E+00     2     1      3    2.029  0.50000E-01  Max_Delta_t       6   4
     5010  0.683908E+00     2     1      3    2.014  0.50000E-01  Max_Delta_t       6   4
     5020  0.685277E+00     2     1      3    2.000  0.50000E-01  Max_Delta_t       6   4
     5030  0.686646E+00     2     1      3    2.000  0.50000E-01  Max_Delta_t       6   4
     5040  0.688015E+00     2     1      3    2.014  0.50000E-01  Max_Delta_t       6   4
     5050  0.689384E+00     2     1      4    2.014  0.50000E-01  Max_Delta_t       6   4
     5060  0.690753E+00     2     1      7    2.071  0.50000E-01  Max_Delta_t       6   4
     5070  0.692122E+00     2     1     44    2.014  0.50000E-01  Max_Delta_t       6   4
     5080  0.693491E+00     2     1      5    2.014  0.50000E-01  Max_Delta_t       6   4
     5090  0.694860E+00     2     1      4    2.014  0.50000E-01  Max_Delta_t       6   4
     5100  0.696229E+00     2     1      3    2.014  0.50000E-01  Max_Delta_t       6   4
     5110  0.697598E+00     2     1      3    2.043  0.50000E-01  Max_Delta_t       6   4
     5120  0.698967E+00     2     1      3    2.000  0.50000E-01  Max_Delta_t       6   4
     5130  0.700336E+00     2     1      3    2.000  0.50000E-01  Max_Delta_t       6   4
     5140  0.701705E+00     2     1      3    2.000  0.50000E-01  Max_Delta_t       6   4
     5150  0.703074E+00     2     1      3    1.986  0.50000E-01  Max_Delta_t       6   4
     5160  0.704443E+00     2     1      3    1.986  0.50000E-01  Max_Delta_t       4   9
     5170  0.705812E+00     2     1      3    2.014  0.50000E-01  Max_Delta_t       5  10
     5180  0.707181E+00     2     1      3    2.000  0.50000E-01  Max_Delta_t       4  10
     5190  0.708549E+00     2     1      3    2.000  0.50000E-01  Max_Delta_t       7   9
     5200  0.709918E+00     2     1      3    2.014  0.50000E-01  Max_Delta_t       5  10
     5210  0.711287E+00     2     1      3    2.014  0.50000E-01  Max_Delta_t       4  10
     5220  0.712656E+00     2     1      2    1.986  0.50000E-01  Max_Delta_t           1
     5230  0.714025E+00     2     1      3    2.014  0.50000E-01  Max_Delta_t       5  10
     5240  0.715394E+00     2     1      3    2.000  0.50000E-01  Max_Delta_t       6   8
     5250  0.716763E+00     2     1      3    2.014  0.50000E-01  Max_Delta_t       5  10
     5260  0.718132E+00     2     1      3    2.000  0.50000E-01  Max_Delta_t       6  10
     5270  0.719501E+00     2     1      2    1.986  0.50000E-01  Max_Delta_t           1
     5280  0.720870E+00     2     1      3    2.000  0.50000E-01  Max_Delta_t       5  10
     5290  0.722239E+00     2     1      3    1.986  0.50000E-01  Max_Delta_t       4  10
     5300  0.723608E+00     2     1      3    1.971  0.50000E-01  Max_Delta_t       6  10
     5310  0.724977E+00     2     1      3    1.986  0.50000E-01  Max_Delta_t       4   9
     5320  0.726346E+00     2     1      3    1.986  0.50000E-01  Max_Delta_t       5   9
     5330  0.727715E+00     2     1      3    1.971  0.50000E-01  Max_Delta_t       6  10
     5340  0.729084E+00     2     1      3    1.957  0.50000E-01  Max_Delta_t       6   9
     5350  0.730453E+00     2     1      3    1.986  0.50000E-01  Max_Delta_t       7   5
     5360  0.731822E+00     2     1      4    1.957  0.50000E-01  Max_Delta_t       7   5
     5370  0.733191E+00     2     1     19    1.943  0.50000E-01  Max_Delta_t       7   5
     5380  0.734560E+00     2     1      3    1.943  0.50000E-01  Max_Delta_t       7   8
     5390  0.735929E+00     2     1      2    1.929  0.50000E-01  Max_Delta_t           1
     5400  0.737298E+00     2     1      3    1.943  0.50000E-01  Max_Delta_t       4  10
     5410  0.738667E+00     2     1      3    1.943  0.50000E-01  Max_Delta_t       5  10
     5420  0.740035E+00     2     1      2    1.900  0.50000E-01  Max_Delta_t           1
     5430  0.741404E+00     2     1      3    1.871  0.50000E-01  Max_Delta_t       4  10
     5440  0.742773E+00     2     1      2    1.886  0.50000E-01  Max_Delta_t           1
     5450  0.744142E+00     2     1      3    1.900  0.50000E-01  Max_Delta_t       4   9
     5460  0.745511E+00     2     1      3    1.943  0.50000E-01  Max_Delta_t       5   9
     5470  0.746880E+00     2     1      3    1.957  0.50000E-01  Max_Delta_t       4  10
     5480  0.748249E+00     2     1      2    1.914  0.50000E-01  Max_Delta_t           1
     5490  0.749618E+00     2     1      2    1.900  0.50000E-01  Max_Delta_t           1
     5500  0.750987E+00     2     1      3    1.914  0.50000E-01  Max_Delta_t       6  10
     5510  0.752356E+00     2     1      3    1.900  0.50000E-01  Max_Delta_t       5   9
     5520  0.753725E+00     2     1      3    1.900  0.50000E-01  Max_Delta_t       5  10
     5530  0.755094E+00     2     1      3    1.900  0.50000E-01  Max_Delta_t       4   9
     5540  0.756463E+00     2     1      3    1.929  0.50000E-01  Max_Delta_t       6   5
     5550  0.757832E+00     2     1     20    1.929  0.50000E-01  Max_Delta_t       6   5
     5560  0.759201E+00     2     1      3    1.914  0.50000E-01  Max_Delta_t       7   4
     5570  0.760570E+00     2     1     17    1.900  0.50000E-01  Max_Delta_t       7   4
     5580  0.761939E+00     2     1      3    1.914  0.50000E-01  Max_Delta_t       6   8
     5590  0.763308E+00     2     1      2    1.914  0.50000E-01  Max_Delta_t           1
     5600  0.764677E+00     2     1      2    1.871  0.50000E-01  Max_Delta_t           1
     5610  0.766046E+00     2     1      3    1.871  0.50000E-01  Max_Delta_t       5  10
     5620  0.767415E+00     2     1      3    1.943  0.50000E-01  Max_Delta_t       6  10
     5630  0.768784E+00     2     1      2    1.914  0.50000E-01  Max_Delta_t           1
     5640  0.770152E+00     2     1      2    1.900  0.50000E-01  Max_Delta_t           1
     5650  0.771521E+00     2     1      2    1.886  0.50000E-01  Max_Delta_t           1
     5660  0.772890E+00     2     1      2    1.900  0.50000E-01  Max_Delta_t           1
     5670  0.774259E+00     2     1      3    1.900  0.50000E-01  Max_Delta_t       4  10
     5680  0.775628E+00     2     1      3    1.929  0.50000E-01  Max_Delta_t       6   9
     5690  0.776997E+00     2     1      3    1.929  0.50000E-01  Max_Delta_t       5  10
     5700  0.778366E+00     2     1      3    1.914  0.50000E-01  Max_Delta_t       6   8
     5710  0.779735E+00     2     1      3    1.900  0.50000E-01  Max_Delta_t       7   4
     5720  0.781104E+00     2     1      3    1.929  0.50000E-01  Max_Delta_t       6  10
     5730  0.782473E+00     2     1      3    1.900  0.50000E-01  Max_Delta_t       4   9
     5740  0.783842E+00     2     1      2    1.886  0.50000E-01  Max_Delta_t           1
     5750  0.785211E+00     2     1      3    1.900  0.50000E-01  Max_Delta_t       4  10
     5760  0.786580E+00     2     1      3    1.929  0.50000E-01  Max_Delta_t       6   4
     5770  0.787949E+00     2     1      4    1.943  0.50000E-01  Max_Delta_t       6   4
     5780  0.789318E+00     2     1     16    1.900  0.50000E-01  Max_Delta_t       6   4
     5790  0.790687E+00     2     1      3    1.900  0.50000E-01  Max_Delta_t       6   9
     5800  0.792056E+00     2     1      2    1.886  0.50000E-01  Max_Delta_t           1
     5810  0.793425E+00     2     1      2    1.857  0.50000E-01  Max_Delta_t           1
     5820  0.794794E+00     2     1      2    1.871  0.50000E-01  Max_Delta_t           1
     5830  0.796163E+00     2     1      3    1.886  0.50000E-01  Max_Delta_t       6   8
     5840  0.797532E+00     2     1      3    1.900  0.50000E-01  Max_Delta_t       4  10
     5850  0.798901E+00     2     1      3    1.914  0.50000E-01  Max_Delta_t       4   9
     5860  0.800270E+00     2     1      3    1.914  0.50000E-01  Max_Delta_t       5  10
     5870  0.801638E+00     2     1      3    1.929  0.50000E-01  Max_Delta_t       5   9
     5880  0.803007E+00     2     1      3    1.929  0.50000E-01  Max_Delta_t       4  10
     5890  0.804376E+00     2     1      2    1.929  0.50000E-01  Max_Delta_t           1
     5900  0.805745E+00     2     1      3    1.900  0.50000E-01  Max_Delta_t       5  10
     5910  0.807114E+00     2     1      2    1.914  0.50000E-01  Max_Delta_t           1
     5920  0.808483E+00     2     1      3    1.943  0.50000E-01  Max_Delta_t       4  10
     5930  0.809852E+00     2     1      2    1.929  0.50000E-01  Max_Delta_t           1
     5940  0.811221E+00     2     1      2    1.914  0.50000E-01  Max_Delta_t           1
     5950  0.812590E+00     2     1      2    1.900  0.50000E-01  Max_Delta_t           1
     5960  0.813959E+00     2     1      3    1.957  0.50000E-01  Max_Delta_t       6   8
     5970  0.815328E+00     2     1      3    1.943  0.50000E-01  Max_Delta_t       4   9
     5980  0.816697E+00     2     1      2    1.957  0.50000E-01  Max_Delta_t           1
     5990  0.818066E+00     2     1      3    1.929  0.50000E-01  Max_Delta_t       5   9
     6000  0.819435E+00     2     1      3    1.929  0.50000E-01  Max_Delta_t       4  10
     6010  0.820804E+00     2     1      3    1.957  0.50000E-01  Max_Delta_t       5  10
     6020  0.822173E+00     2     1      2    1.943  0.50000E-01  Max_Delta_t           1
     6030  0.823542E+00     2     1      3    1.914  0.50000E-01  Max_Delta_t       5   9
     6040  0.824911E+00     2     1      3    1.929  0.50000E-01  Max_Delta_t       4  10
     6050  0.826280E+00     2     1      3    1.929  0.50000E-01  Max_Delta_t       5  10
     6060  0.827649E+00     2     1      2    1.929  0.50000E-01  Max_Delta_t           1
     6070  0.829018E+00     2     1      2    1.929  0.50000E-01  Max_Delta_t           1
     6080  0.830387E+00     2     1      3    1.929  0.50000E-01  Max_Delta_t       4  10
     6090  0.831755E+00     2     1      3    1.929  0.50000E-01  Max_Delta_t           7
     6100  0.833124E+00     2     1      3    1.943  0.50000E-01  Max_Delta_t           7
     6110  0.834493E+00     2     1      3    1.971  0.50000E-01  Max_Delta_t           7
     6120  0.835862E+00     2     1      3    1.971  0.50000E-01  Max_Delta_t           7
     6130  0.837231E+00     2     1      3    1.943  0.50000E-01  Max_Delta_t           7
     6140  0.838600E+00     2     1      3    1.943  0.50000E-01  Max_Delta_t           7
     6150  0.839969E+00     2     1      3    1.986  0.50000E-01  Max_Delta_t           7
     6160  0.841338E+00     2     1      3    2.000  0.50000E-01  Max_Delta_t           7
     6170  0.842707E+00     2     1      3    1.986  0.50000E-01  Max_Delta_t           7
     6180  0.844076E+00     2     1      3    1.971  0.50000E-01  Max_Delta_t           7
     6190  0.845445E+00     2     1      3    1.929  0.50000E-01  Max_Delta_t           7
     6200  0.846814E+00     2     1      2    1.929  0.50000E-01  Max_Delta_t           1
     6210  0.848183E+00     2     1      3    1.957  0.50000E-01  Max_Delta_t       4  10
     6220  0.849552E+00     2     1      2    1.957  0.50000E-01  Max_Delta_t           1
     6230  0.850921E+00     2     1      2    1.914  0.50000E-01  Max_Delta_t           1
     6240  0.852290E+00     2     1      2    1.929  0.50000E-01  Max_Delta_t           1
     6250  0.853659E+00     2     1      3    1.957  0.50000E-01  Max_Delta_t       4   9
     6260  0.855028E+00     2     1      3    1.986  0.50000E-01  Max_Delta_t       5  10
     6270  0.856397E+00     2     1      3    1.971  0.50000E-01  Max_Delta_t       5   5
     6280  0.857766E+00     2     1      3    1.971  0.50000E-01  Max_Delta_t       5   5
     6290  0.859135E+00     2     1     26    2.014  0.50000E-01  Max_Delta_t       5   5
     6300  0.860504E+00     2     1      5    2.014  0.50000E-01  Max_Delta_t       5   5
     6310  0.861873E+00     2     1      4    1.971  0.50000E-01  Max_Delta_t       5   5
     6320  0.863241E+00     2     1      3    1.986  0.50000E-01  Max_Delta_t       5   5
     6330  0.864610E+00     2     1      3    1.957  0.50000E-01  Max_Delta_t       5   5
     6340  0.865979E+00     2     1      3    1.971  0.50000E-01  Max_Delta_t       5   5
     6350  0.867348E+00     2     1      3    1.971  0.50000E-01  Max_Delta_t       5   5
     6360  0.868717E+00     2     1      3    1.971  0.50000E-01  Max_Delta_t       5   5
     6370  0.870086E+00     2     1      3    1.957  0.50000E-01  Max_Delta_t       5   5
     6380  0.871455E+00     2     1      3    1.957  0.50000E-01  Max_Delta_t       5   5
     6390  0.872824E+00     2     1      3    1.943  0.50000E-01  Max_Delta_t       5   5
     6400  0.874193E+00     2     1      3    1.957  0.50000E-01  Max_Delta_t       5   5
     6410  0.875562E+00     2     1      3    1.957  0.50000E-01  Max_Delta_t       5   5
     6420  0.876931E+00     2     1      3    1.971  0.50000E-01  Max_Delta_t       5   5
     6430  0.878300E+00     2     1      3    1.986  0.50000E-01  Max_Delta_t       5   5
     6440  0.879669E+00     2     1      3    1.971  0.50000E-01  Max_Delta_t       5   5
     6450  0.881038E+00     2     1      3    1.971  0.50000E-01  Max_Delta_t       5   5
     6460  0.882407E+00     2     1      3    1.971  0.50000E-01  Max_Delta_t       5   5
     6470  0.883776E+00     2     1      3    1.986  0.50000E-01  Max_Delta_t       5   5
     6480  0.885145E+00     2     1      3    1.943  0.50000E-01  Max_Delta_t       5   5
     6490  0.886514E+00     2     1      3    1.957  0.50000E-01  Max_Delta_t       5   5
     6500  0.887883E+00     2     1      3    1.971  0.50000E-01  Max_Delta_t       5   5
     6510  0.889252E+00     2     1      3    1.971  0.50000E-01  Max_Delta_t       5   5
     6520  0.890621E+00     2     1      3    1.971  0.50000E-01  Max_Delta_t       5   4
     6530  0.891990E+00     2     1      3    1.957  0.50000E-01  Max_Delta_t       5   4
     6540  0.893359E+00     2     1     17    1.957  0.50000E-01  Max_Delta_t       5   4
     6550  0.894727E+00     2     1      4    1.986  0.50000E-01  Max_Delta_t       5   4
     6560  0.896096E+00     2     1      4    1.971  0.50000E-01  Max_Delta_t       5   4
     6570  0.897465E+00     2     1      3    1.971  0.50000E-01  Max_Delta_t       5   4
     6580  0.898834E+00     2     1      3    1.971  0.50000E-01  Max_Delta_t       5   4
     6590  0.900203E+00     2     1      3    1.957  0.50000E-01  Max_Delta_t       5   4
     6600  0.901572E+00     2     1      3    1.971  0.50000E-01  Max_Delta_t       5   4
     6610  0.902941E+00     2     1      3    1.929  0.50000E-01  Max_Delta_t       5   4
     6620  0.904310E+00     2     1      3    1.957  0.50000E-01  Max_Delta_t       5   4
     6630  0.905679E+00     2     1      3    1.986  0.50000E-01  Max_Delta_t       5   4
     6640  0.907048E+00     2     1      3    1.986  0.50000E-01  Max_Delta_t       5   4
     6650  0.908417E+00     2     1      3    1.957  0.50000E-01  Max_Delta_t       5   4
     6660  0.909786E+00     2     1      3    2.014  0.50000E-01  Max_Delta_t       5   4
     6670  0.911155E+00     2     1      3    2.014  0.50000E-01  Max_Delta_t       5   4
     6680  0.912524E+00     2     1      3    2.014  0.50000E-01  Max_Delta_t       5   4
     6690  0.913893E+00     2     1      3    2.014  0.50000E-01  Max_Delta_t       5   4
     6700  0.915262E+00     2     1      3    2.000  0.50000E-01  Max_Delta_t       5   4
     6710  0.916631E+00     2     1      3    2.000  0.50000E-01  Max_Delta_t       5   4
     6720  0.918000E+00     2     1      3    2.000  0.50000E-01  Max_Delta_t       5   4
     6730  0.919369E+00     2     1      3    1.986  0.50000E-01  Max_Delta_t       5   4
     6740  0.920738E+00     2     1      3    1.971  0.50000E-01  Max_Delta_t       5   4
     6750  0.922107E+00     2     1      3    1.986  0.50000E-01  Max_Delta_t       5   4
     6760  0.923476E+00     2     1      3    1.986  0.50000E-01  Max_Delta_t       5   4
     6770  0.924844E+00     2     1      3    1.957  0.50000E-01  Max_Delta_t       5   4
     6780  0.926213E+00     2     1      3    1.957  0.50000E-01  Max_Delta_t       5   4
     6790  0.927582E+00     2     1      3    1.971  0.50000E-01  Max_Delta_t       5   4
     6800  0.928951E+00     2     1      3    1.957  0.50000E-01  Max_Delta_t       5   4
     6810  0.930320E+00     2     1      3    1.943  0.50000E-01  Max_Delta_t       5   4
     6820  0.931689E+00     2     1      3    1.971  0.50000E-01  Max_Delta_t       5   4
     6830  0.933058E+00     2     1      3    1.957  0.50000E-01  Max_Delta_t       5   4
     6840  0.934427E+00     2     1      3    2.014  0.50000E-01  Max_Delta_t       5   4
     6850  0.935796E+00     2     1      3    2.000  0.50000E-01  Max_Delta_t       5   4
     6860  0.937165E+00     2     1      3    1.986  0.50000E-01  Max_Delta_t       5   4
     6870  0.938534E+00     2     1      4    2.000  0.50000E-01  Max_Delta_t       5   5
     6880  0.939903E+00     2     1      5    2.014  0.50000E-01  Max_Delta_t       5   5
     6890  0.941272E+00     2     1     28    2.000  0.50000E-01  Max_Delta_t       5   5
     6900  0.942641E+00     2     1      5    1.986  0.50000E-01  Max_Delta_t       5   5
     6910  0.944010E+00     2     1      4    2.000  0.50000E-01  Max_Delta_t       5   5
     6920  0.945379E+00     2     1      3    1.957  0.50000E-01  Max_Delta_t       5   5
     6930  0.946748E+00     2     1      3    1.943  0.50000E-01  Max_Delta_t       5   5
     6940  0.948117E+00     2     1      3    1.971  0.50000E-01  Max_Delta_t       5   5
     6950  0.949486E+00     2     1      3    1.957  0.50000E-01  Max_Delta_t       5   5
     6960  0.950855E+00     2     1      3    1.971  0.50000E-01  Max_Delta_t       5   5
     6970  0.952224E+00     2     1      3    2.000  0.50000E-01  Max_Delta_t       5   4
     6980  0.953593E+00     2     1      3    1.986  0.50000E-01  Max_Delta_t       5   4
     6990  0.954962E+00     2     1      3    2.000  0.50000E-01  Max_Delta_t       5   4
     7000  0.956330E+00     2     1      3    1.986  0.50000E-01  Max_Delta_t       5   4
     7010  0.957699E+00     2     1      3    2.014  0.50000E-01  Max_Delta_t       5   4
     7020  0.959068E+00     2     1      3    1.986  0.50000E-01  Max_Delta_t       5   4
     7030  0.960437E+00     2     1      3    1.971  0.50000E-01  Max_Delta_t       5   4
     7040  0.961806E+00     2     1      3    1.971  0.50000E-01  Max_Delta_t       5   4
     7050  0.963175E+00     2     1      3    1.986  0.50000E-01  Max_Delta_t       5   4
     7060  0.964544E+00     2     1      3    1.957  0.50000E-01  Max_Delta_t       5   4
     7070  0.965913E+00     2     1      3    1.943  0.50000E-01  Max_Delta_t       5   4
     7080  0.967282E+00     2     1      3    1.943  0.50000E-01  Max_Delta_t       5   4
     7090  0.968651E+00     2     1      3    1.986  0.50000E-01  Max_Delta_t       5   4
     7100  0.970020E+00     2     1      3    2.000  0.50000E-01  Max_Delta_t       5   4
     7110  0.971389E+00     2     1      3    2.000  0.50000E-01  Max_Delta_t       5   4
     7120  0.972758E+00     2     1      3    1.971  0.50000E-01  Max_Delta_t       5   4
     7130  0.974127E+00     2     1      3    1.986  0.50000E-01  Max_Delta_t       5   4
     7140  0.975496E+00     2     1      3    2.000  0.50000E-01  Max_Delta_t       5   4
     7150  0.976865E+00     2     1      3    1.943  0.50000E-01  Max_Delta_t       5   4
     7160  0.978234E+00     2     1      3    1.929  0.50000E-01  Max_Delta_t       5   4
     7170  0.979603E+00     2     1      3    1.943  0.50000E-01  Max_Delta_t       5   4
     7180  0.980972E+00     2     1      3    1.943  0.50000E-01  Max_Delta_t       5   4
     7190  0.982341E+00     2     1      3    2.000  0.50000E-01  Max_Delta_t       5   4
     7200  0.983710E+00     2     1      3    2.000  0.50000E-01  Max_Delta_t       5   4
     7210  0.985079E+00     2     1      3    2.000  0.50000E-01  Max_Delta_t       5   4
     7220  0.986447E+00     2     1      3    1.971  0.50000E-01  Max_Delta_t       5   4
     7230  0.987816E+00     2     1      3    1.957  0.50000E-01  Max_Delta_t       5   4
     7240  0.989185E+00     2     1      3    1.914  0.50000E-01  Max_Delta_t       5   4
     7250  0.990554E+00     2     1      4    1.986  0.50000E-01  Max_Delta_t       5   4
     7260  0.991923E+00     2     1      9    2.057  0.50000E-01  Max_Delta_t       5   4
     7270  0.993292E+00     2     1     32    2.000  0.50000E-01  Max_Delta_t       5   4
     7280  0.994661E+00     2     1      4    1.957  0.50000E-01  Max_Delta_t       5   4
     7290  0.996030E+00     2     1      4    1.943  0.50000E-01  Max_Delta_t       5   4
     7300  0.997399E+00     2     1      3    1.929  0.50000E-01  Max_Delta_t       5   4
     7310  0.998768E+00     2     1      3    1.943  0.50000E-01  Max_Delta_t       5   4
     7319  0.100000E+01     2     1      3    1.929  0.49942E-01  Tot_time_Dt       5   4

  ...done!   simulation finished

